500	12475
0	5
0	14
0	44
0	50
0	51
0	57
0	58
0	62
0	91
0	98
0	105
0	118
0	139
0	150
0	188
0	214
0	217
0	228
0	230
0	234
0	258
0	266
0	268
0	275
0	276
0	282
0	288
0	294
0	302
0	310
0	320
0	325
0	326
0	334
0	339
0	355
0	358
0	360
0	405
0	418
0	423
0	446
0	449
0	455
0	472
0	491
1	11
1	60
1	62
1	71
1	80
1	87
1	90
1	94
1	95
1	107
1	111
1	122
1	139
1	145
1	161
1	176
1	178
1	192
1	196
1	202
1	203
1	208
1	218
1	228
1	234
1	239
1	241
1	269
1	283
1	286
1	289
1	291
1	297
1	300
1	303
1	313
1	316
1	331
1	344
1	347
1	350
1	370
1	379
1	384
1	387
1	396
1	397
1	411
1	416
1	428
1	433
1	434
1	438
1	452
1	458
1	482
2	7
2	39
2	46
2	48
2	72
2	86
2	107
2	119
2	127
2	144
2	148
2	177
2	184
2	185
2	191
2	210
2	211
2	226
2	250
2	255
2	262
2	263
2	278
2	288
2	289
2	294
2	302
2	306
2	322
2	334
2	339
2	344
2	345
2	357
2	362
2	365
2	371
2	375
2	379
2	381
2	382
2	386
2	388
2	396
2	407
2	416
2	439
2	452
2	453
2	456
2	472
2	482
2	491
2	493
3	9
3	23
3	28
3	29
3	41
3	43
3	53
3	65
3	80
3	87
3	94
3	103
3	104
3	117
3	140
3	145
3	151
3	154
3	161
3	162
3	171
3	173
3	184
3	195
3	198
3	252
3	314
3	316
3	319
3	320
3	323
3	332
3	345
3	347
3	360
3	374
3	393
3	400
3	406
3	407
3	409
3	416
3	429
3	432
3	453
3	461
3	470
4	44
4	69
4	71
4	93
4	104
4	124
4	136
4	163
4	168
4	172
4	182
4	201
4	210
4	220
4	223
4	234
4	236
4	248
4	252
4	265
4	279
4	291
4	293
4	295
4	303
4	308
4	312
4	321
4	324
4	328
4	342
4	349
4	368
4	372
4	373
4	393
4	399
4	400
4	403
4	406
4	412
4	422
4	427
4	432
4	434
4	459
4	464
4	490
4	496
5	8
5	14
5	15
5	26
5	44
5	47
5	61
5	62
5	66
5	73
5	78
5	94
5	95
5	128
5	134
5	136
5	141
5	150
5	158
5	160
5	169
5	181
5	189
5	193
5	199
5	210
5	216
5	217
5	223
5	226
5	234
5	256
5	258
5	276
5	280
5	282
5	299
5	342
5	356
5	357
5	361
5	362
5	365
5	368
5	387
5	393
5	397
5	402
5	416
5	444
5	460
5	485
6	8
6	9
6	12
6	26
6	27
6	31
6	42
6	55
6	58
6	61
6	62
6	71
6	76
6	83
6	90
6	98
6	107
6	119
6	137
6	139
6	141
6	155
6	161
6	170
6	186
6	191
6	208
6	209
6	234
6	237
6	250
6	258
6	277
6	287
6	294
6	336
6	375
6	380
6	393
6	421
6	439
6	462
6	465
6	492
6	494
7	12
7	31
7	32
7	41
7	60
7	64
7	76
7	104
7	129
7	137
7	144
7	146
7	188
7	214
7	231
7	237
7	250
7	252
7	253
7	275
7	280
7	288
7	306
7	322
7	336
7	341
7	351
7	362
7	374
7	381
7	391
7	397
7	401
7	403
7	405
7	412
7	427
7	464
7	485
7	486
7	489
7	495
8	31
8	35
8	37
8	46
8	53
8	54
8	59
8	96
8	107
8	108
8	114
8	119
8	156
8	163
8	179
8	183
8	186
8	190
8	211
8	256
8	276
8	279
8	283
8	298
8	311
8	341
8	351
8	362
8	364
8	369
8	376
8	407
8	423
8	435
8	444
8	445
8	446
8	455
8	459
8	461
8	472
8	488
9	10
9	22
9	29
9	34
9	45
9	65
9	73
9	75
9	77
9	84
9	88
9	94
9	103
9	107
9	109
9	127
9	134
9	186
9	189
9	221
9	222
9	233
9	240
9	267
9	275
9	277
9	298
9	319
9	325
9	330
9	338
9	342
9	348
9	349
9	351
9	352
9	375
9	385
9	393
9	406
9	410
9	438
9	443
9	466
9	471
9	489
10	37
10	40
10	58
10	64
10	66
10	70
10	84
10	96
10	98
10	100
10	110
10	118
10	121
10	124
10	126
10	140
10	143
10	147
10	148
10	149
10	170
10	190
10	216
10	235
10	253
10	255
10	258
10	276
10	309
10	327
10	348
10	357
10	363
10	381
10	383
10	397
10	405
10	407
10	415
10	418
10	428
10	429
10	436
10	450
10	451
10	454
10	458
10	466
10	472
10	483
11	13
11	27
11	60
11	61
11	66
11	72
11	84
11	88
11	104
11	105
11	109
11	113
11	117
11	118
11	127
11	136
11	146
11	151
11	153
11	154
11	158
11	160
11	172
11	194
11	212
11	223
11	225
11	226
11	247
11	250
11	256
11	301
11	306
11	311
11	336
11	344
11	360
11	366
11	378
11	394
11	395
11	400
11	407
11	436
11	450
11	462
11	488
11	499
12	33
12	40
12	42
12	51
12	67
12	74
12	75
12	82
12	105
12	122
12	130
12	135
12	161
12	203
12	228
12	236
12	239
12	244
12	252
12	258
12	262
12	263
12	280
12	287
12	290
12	294
12	295
12	315
12	331
12	333
12	334
12	346
12	366
12	367
12	384
12	391
12	394
12	417
12	419
12	431
12	437
12	444
12	450
12	451
12	459
12	464
12	472
12	485
12	488
12	493
12	498
13	20
13	23
13	26
13	41
13	58
13	71
13	83
13	84
13	92
13	101
13	111
13	150
13	158
13	162
13	164
13	191
13	209
13	213
13	215
13	225
13	228
13	230
13	265
13	278
13	285
13	286
13	287
13	333
13	337
13	342
13	349
13	353
13	356
13	377
13	386
13	388
13	398
13	404
13	409
13	434
13	435
13	437
13	449
13	451
13	463
13	476
14	20
14	32
14	35
14	49
14	52
14	55
14	72
14	94
14	115
14	127
14	130
14	137
14	159
14	163
14	169
14	178
14	205
14	209
14	212
14	224
14	225
14	228
14	229
14	236
14	258
14	267
14	272
14	279
14	283
14	310
14	325
14	348
14	351
14	353
14	356
14	359
14	362
14	364
14	366
14	367
14	368
14	369
14	370
14	376
14	380
14	399
14	409
14	414
14	438
14	457
14	462
14	492
15	17
15	36
15	57
15	59
15	79
15	85
15	90
15	93
15	96
15	101
15	102
15	110
15	117
15	122
15	145
15	149
15	195
15	203
15	205
15	206
15	212
15	218
15	221
15	222
15	248
15	267
15	268
15	269
15	272
15	273
15	275
15	276
15	292
15	309
15	321
15	333
15	347
15	360
15	398
15	473
15	475
15	478
15	486
15	490
16	24
16	25
16	44
16	47
16	57
16	65
16	66
16	68
16	69
16	94
16	108
16	127
16	133
16	161
16	165
16	191
16	215
16	231
16	235
16	236
16	248
16	250
16	263
16	269
16	270
16	271
16	273
16	274
16	277
16	278
16	301
16	306
16	316
16	355
16	359
16	369
16	370
16	379
16	382
16	410
16	415
16	420
16	422
16	426
16	439
16	445
16	447
16	469
16	476
16	479
16	496
17	36
17	40
17	44
17	46
17	50
17	55
17	61
17	62
17	65
17	67
17	72
17	98
17	120
17	148
17	167
17	168
17	169
17	177
17	182
17	184
17	232
17	233
17	242
17	250
17	286
17	306
17	314
17	325
17	334
17	337
17	350
17	353
17	354
17	363
17	366
17	378
17	405
17	433
17	441
17	453
17	457
17	458
17	470
17	474
17	486
17	493
17	495
18	38
18	39
18	42
18	45
18	84
18	86
18	87
18	89
18	107
18	127
18	130
18	140
18	144
18	151
18	174
18	199
18	204
18	209
18	213
18	217
18	219
18	221
18	232
18	234
18	238
18	240
18	246
18	247
18	257
18	263
18	271
18	284
18	293
18	295
18	300
18	302
18	303
18	313
18	354
18	356
18	357
18	358
18	378
18	408
18	437
18	443
18	451
18	469
18	473
18	481
18	482
18	488
19	38
19	55
19	76
19	79
19	84
19	96
19	99
19	102
19	103
19	104
19	108
19	118
19	134
19	146
19	148
19	165
19	166
19	174
19	182
19	185
19	193
19	195
19	197
19	199
19	200
19	204
19	217
19	219
19	220
19	225
19	229
19	243
19	244
19	249
19	252
19	271
19	277
19	287
19	304
19	309
19	324
19	325
19	326
19	327
19	382
19	389
19	394
19	413
19	416
19	419
19	428
19	438
19	451
19	454
19	478
19	486
19	490
20	35
20	53
20	66
20	86
20	98
20	119
20	124
20	140
20	162
20	167
20	178
20	186
20	198
20	200
20	208
20	209
20	211
20	219
20	263
20	276
20	279
20	287
20	297
20	333
20	337
20	348
20	357
20	359
20	360
20	363
20	373
20	379
20	383
20	391
20	392
20	395
20	400
20	402
20	407
20	408
20	409
20	411
20	412
20	427
20	450
21	22
21	25
21	28
21	37
21	65
21	80
21	95
21	98
21	104
21	110
21	120
21	141
21	142
21	148
21	150
21	175
21	176
21	193
21	216
21	255
21	260
21	261
21	267
21	272
21	292
21	300
21	304
21	343
21	347
21	355
21	365
21	373
21	384
21	387
21	395
21	400
21	401
21	415
21	423
21	452
21	458
21	472
22	25
22	47
22	52
22	65
22	86
22	94
22	97
22	109
22	110
22	134
22	146
22	191
22	234
22	237
22	259
22	267
22	282
22	332
22	335
22	337
22	370
22	388
22	392
22	428
22	433
22	434
22	436
22	438
22	442
22	450
22	451
22	464
22	467
22	495
23	31
23	32
23	37
23	113
23	120
23	125
23	178
23	184
23	190
23	207
23	287
23	289
23	300
23	306
23	367
23	383
23	399
23	404
23	416
23	431
23	447
23	451
23	455
23	457
23	460
23	463
23	464
24	42
24	43
24	87
24	95
24	100
24	119
24	126
24	151
24	166
24	178
24	188
24	195
24	196
24	204
24	210
24	212
24	218
24	224
24	230
24	234
24	236
24	259
24	266
24	270
24	275
24	279
24	283
24	292
24	307
24	312
24	324
24	331
24	341
24	343
24	352
24	356
24	358
24	372
24	383
24	389
24	396
24	403
24	406
24	411
24	424
24	434
24	439
24	440
24	444
24	450
24	461
24	471
24	483
24	487
24	491
24	499
25	33
25	34
25	41
25	55
25	64
25	70
25	72
25	76
25	80
25	91
25	117
25	134
25	146
25	178
25	193
25	205
25	223
25	225
25	231
25	232
25	236
25	239
25	245
25	247
25	249
25	250
25	254
25	256
25	265
25	278
25	282
25	287
25	296
25	297
25	306
25	312
25	315
25	317
25	337
25	369
25	374
25	375
25	385
25	398
25	416
25	444
25	449
25	458
25	465
25	473
25	474
25	489
25	491
25	492
25	494
26	34
26	45
26	53
26	58
26	71
26	76
26	95
26	96
26	99
26	108
26	138
26	158
26	166
26	207
26	215
26	230
26	252
26	262
26	265
26	274
26	277
26	281
26	284
26	291
26	293
26	299
26	300
26	304
26	307
26	309
26	310
26	335
26	349
26	370
26	372
26	376
26	378
26	387
26	392
26	403
26	407
26	410
26	412
26	417
26	442
26	449
26	464
26	467
26	495
26	496
27	44
27	51
27	56
27	62
27	93
27	104
27	133
27	134
27	137
27	172
27	173
27	190
27	199
27	200
27	207
27	211
27	223
27	232
27	233
27	237
27	238
27	239
27	247
27	248
27	252
27	260
27	270
27	283
27	300
27	301
27	306
27	322
27	326
27	329
27	361
27	364
27	384
27	396
27	406
27	410
27	423
27	436
27	438
27	439
27	447
27	456
27	470
27	485
27	486
27	491
27	494
28	29
28	35
28	60
28	61
28	67
28	75
28	91
28	94
28	96
28	98
28	101
28	111
28	117
28	119
28	126
28	128
28	131
28	137
28	144
28	150
28	174
28	175
28	184
28	196
28	217
28	221
28	238
28	243
28	248
28	256
28	277
28	291
28	314
28	316
28	330
28	331
28	334
28	354
28	364
28	366
28	367
28	369
28	377
28	387
28	405
28	412
28	427
28	428
28	431
28	436
28	440
28	448
28	453
28	463
28	465
28	489
28	491
29	34
29	45
29	52
29	59
29	63
29	65
29	73
29	77
29	83
29	84
29	90
29	107
29	112
29	113
29	123
29	127
29	133
29	144
29	154
29	162
29	179
29	182
29	194
29	223
29	249
29	256
29	257
29	262
29	274
29	280
29	281
29	287
29	300
29	331
29	337
29	351
29	364
29	380
29	381
29	383
29	384
29	385
29	394
29	399
29	411
29	429
29	448
29	453
29	463
29	466
29	476
29	480
29	482
30	39
30	40
30	49
30	54
30	58
30	63
30	72
30	74
30	78
30	88
30	92
30	117
30	120
30	131
30	137
30	138
30	157
30	164
30	166
30	176
30	183
30	195
30	210
30	218
30	224
30	241
30	254
30	257
30	260
30	263
30	264
30	282
30	294
30	318
30	319
30	327
30	347
30	353
30	359
30	388
30	409
30	435
30	443
30	448
30	461
30	464
30	465
30	466
30	468
30	470
30	490
30	499
31	32
31	41
31	50
31	56
31	80
31	87
31	105
31	131
31	185
31	187
31	192
31	196
31	216
31	224
31	230
31	231
31	254
31	259
31	271
31	274
31	285
31	310
31	312
31	323
31	327
31	342
31	354
31	358
31	368
31	381
31	408
31	415
31	435
31	455
31	456
31	468
31	469
31	473
31	477
31	479
31	486
31	487
31	489
32	35
32	75
32	92
32	98
32	110
32	122
32	127
32	133
32	158
32	163
32	164
32	166
32	167
32	169
32	175
32	187
32	190
32	202
32	203
32	216
32	219
32	220
32	227
32	229
32	231
32	234
32	237
32	245
32	258
32	261
32	263
32	282
32	301
32	302
32	325
32	326
32	330
32	332
32	337
32	338
32	364
32	378
32	390
32	424
32	435
32	437
32	444
32	451
32	469
32	472
32	479
33	65
33	74
33	97
33	99
33	103
33	105
33	113
33	120
33	121
33	134
33	157
33	170
33	206
33	218
33	235
33	250
33	254
33	261
33	289
33	292
33	305
33	313
33	318
33	319
33	322
33	331
33	333
33	343
33	368
33	377
33	378
33	380
33	404
33	429
33	440
33	450
33	457
33	474
33	483
33	484
33	487
34	54
34	69
34	70
34	89
34	90
34	100
34	101
34	124
34	135
34	139
34	150
34	165
34	169
34	183
34	195
34	202
34	226
34	230
34	235
34	237
34	252
34	270
34	274
34	315
34	325
34	336
34	340
34	364
34	382
34	390
34	434
34	436
34	445
34	448
34	461
34	488
35	38
35	47
35	54
35	66
35	67
35	83
35	106
35	108
35	121
35	130
35	162
35	165
35	187
35	196
35	198
35	203
35	233
35	234
35	241
35	243
35	260
35	271
35	298
35	302
35	320
35	336
35	341
35	358
35	373
35	384
35	396
35	402
35	418
35	420
35	426
35	429
35	430
35	440
35	444
35	448
35	462
35	483
35	497
36	44
36	46
36	50
36	60
36	72
36	75
36	76
36	78
36	110
36	111
36	124
36	134
36	138
36	144
36	145
36	160
36	170
36	174
36	184
36	189
36	207
36	208
36	216
36	221
36	242
36	245
36	246
36	249
36	250
36	252
36	257
36	267
36	275
36	293
36	306
36	312
36	319
36	322
36	334
36	337
36	376
36	411
36	415
36	438
36	441
36	443
36	450
36	451
36	455
36	466
36	498
37	78
37	81
37	92
37	99
37	105
37	116
37	118
37	119
37	135
37	140
37	144
37	166
37	170
37	173
37	179
37	184
37	186
37	188
37	194
37	198
37	207
37	211
37	218
37	251
37	257
37	265
37	276
37	282
37	285
37	286
37	304
37	308
37	336
37	337
37	347
37	350
37	370
37	391
37	405
37	430
37	437
37	451
37	454
37	475
37	486
38	39
38	61
38	85
38	86
38	88
38	89
38	90
38	104
38	109
38	139
38	148
38	178
38	180
38	182
38	186
38	196
38	202
38	211
38	216
38	223
38	229
38	238
38	239
38	242
38	252
38	258
38	260
38	261
38	265
38	268
38	276
38	286
38	288
38	295
38	296
38	299
38	312
38	314
38	319
38	337
38	359
38	373
38	389
38	393
38	410
38	416
38	421
38	453
38	466
38	470
38	478
38	483
38	488
38	492
38	499
39	52
39	55
39	71
39	85
39	86
39	107
39	130
39	139
39	174
39	177
39	199
39	211
39	218
39	227
39	230
39	238
39	240
39	244
39	263
39	279
39	282
39	283
39	288
39	289
39	290
39	324
39	336
39	339
39	375
39	431
39	436
39	439
39	461
39	469
39	479
40	48
40	60
40	69
40	70
40	72
40	88
40	92
40	111
40	114
40	138
40	141
40	143
40	148
40	152
40	163
40	171
40	220
40	221
40	231
40	258
40	263
40	265
40	276
40	282
40	288
40	311
40	321
40	334
40	364
40	376
40	386
40	387
40	397
40	410
40	416
40	446
40	448
40	450
40	468
40	473
40	478
40	494
41	52
41	103
41	114
41	123
41	141
41	146
41	151
41	162
41	172
41	175
41	180
41	184
41	189
41	209
41	210
41	224
41	230
41	235
41	246
41	259
41	261
41	265
41	277
41	279
41	281
41	290
41	302
41	307
41	313
41	314
41	316
41	319
41	324
41	337
41	351
41	387
41	390
41	412
41	421
41	430
41	446
41	454
41	456
41	471
41	475
41	476
41	477
41	486
41	490
41	492
41	497
41	498
42	51
42	57
42	58
42	65
42	105
42	108
42	115
42	126
42	141
42	161
42	175
42	187
42	189
42	194
42	199
42	200
42	201
42	204
42	212
42	227
42	241
42	253
42	256
42	266
42	279
42	323
42	327
42	340
42	341
42	358
42	363
42	367
42	374
42	380
42	397
42	414
42	429
42	434
42	454
42	466
42	483
42	486
42	487
42	492
43	113
43	124
43	126
43	135
43	150
43	169
43	174
43	208
43	213
43	235
43	244
43	249
43	254
43	259
43	261
43	264
43	294
43	333
43	350
43	354
43	355
43	369
43	379
43	380
43	385
43	388
43	398
43	414
43	426
43	433
43	435
43	441
43	457
43	487
43	489
43	496
44	70
44	80
44	88
44	98
44	127
44	151
44	154
44	155
44	161
44	166
44	167
44	196
44	205
44	208
44	212
44	229
44	251
44	253
44	267
44	273
44	277
44	281
44	284
44	287
44	292
44	293
44	327
44	331
44	341
44	345
44	346
44	356
44	361
44	371
44	373
44	374
44	406
44	413
44	416
44	422
44	442
44	444
44	480
44	494
45	60
45	69
45	79
45	91
45	110
45	118
45	158
45	178
45	182
45	190
45	192
45	207
45	221
45	222
45	228
45	233
45	259
45	262
45	271
45	288
45	307
45	310
45	312
45	342
45	351
45	359
45	382
45	393
45	402
45	407
45	425
45	438
45	442
45	461
45	466
45	487
45	493
46	47
46	51
46	71
46	76
46	94
46	96
46	108
46	116
46	127
46	128
46	129
46	130
46	135
46	146
46	167
46	175
46	177
46	180
46	249
46	264
46	268
46	269
46	275
46	299
46	308
46	314
46	315
46	323
46	330
46	336
46	349
46	360
46	367
46	381
46	386
46	395
46	403
46	413
46	441
46	459
46	465
46	468
46	471
46	474
47	49
47	52
47	57
47	69
47	83
47	86
47	87
47	88
47	129
47	177
47	187
47	199
47	215
47	222
47	230
47	233
47	245
47	250
47	255
47	264
47	273
47	291
47	301
47	302
47	325
47	331
47	345
47	350
47	357
47	368
47	381
47	390
47	392
47	395
47	398
47	412
47	413
47	420
47	426
47	432
47	444
47	445
47	447
47	455
47	469
47	471
47	479
47	482
47	487
47	488
47	494
47	497
48	55
48	72
48	87
48	88
48	105
48	108
48	114
48	120
48	135
48	153
48	198
48	216
48	237
48	244
48	246
48	258
48	265
48	269
48	281
48	283
48	302
48	315
48	328
48	336
48	338
48	342
48	346
48	350
48	356
48	380
48	383
48	394
48	431
48	446
48	448
48	452
48	458
48	464
48	485
48	498
48	499
49	57
49	62
49	73
49	78
49	84
49	95
49	100
49	119
49	125
49	146
49	163
49	169
49	194
49	201
49	208
49	212
49	214
49	216
49	220
49	221
49	228
49	236
49	239
49	261
49	262
49	264
49	272
49	284
49	297
49	301
49	311
49	312
49	319
49	329
49	332
49	336
49	338
49	350
49	353
49	362
49	384
49	396
49	407
49	410
49	411
49	435
49	438
49	440
49	445
49	455
49	474
50	53
50	60
50	71
50	79
50	80
50	89
50	90
50	91
50	100
50	103
50	108
50	117
50	132
50	138
50	146
50	147
50	148
50	158
50	159
50	160
50	185
50	186
50	188
50	189
50	213
50	221
50	237
50	246
50	247
50	252
50	266
50	269
50	282
50	298
50	299
50	300
50	301
50	302
50	303
50	310
50	321
50	330
50	345
50	355
50	368
50	373
50	374
50	377
50	380
50	381
50	387
50	404
50	409
50	411
50	417
50	432
50	447
50	448
50	454
50	459
50	464
50	467
50	471
50	472
50	479
51	96
51	108
51	113
51	124
51	134
51	136
51	139
51	147
51	151
51	152
51	158
51	173
51	187
51	191
51	200
51	235
51	237
51	267
51	270
51	274
51	277
51	288
51	292
51	300
51	322
51	329
51	331
51	346
51	353
51	368
51	374
51	393
51	399
51	401
51	411
51	416
51	421
51	426
51	436
51	448
51	456
51	461
51	463
51	468
51	469
51	471
51	473
51	474
51	475
52	67
52	87
52	97
52	114
52	120
52	123
52	140
52	149
52	167
52	169
52	180
52	185
52	194
52	197
52	198
52	206
52	219
52	235
52	243
52	256
52	260
52	263
52	276
52	281
52	285
52	292
52	297
52	309
52	311
52	326
52	328
52	333
52	336
52	360
52	371
52	374
52	376
52	379
52	387
52	388
52	391
52	396
52	400
52	409
52	411
52	416
52	418
52	428
52	440
52	465
52	493
53	76
53	82
53	118
53	143
53	156
53	159
53	164
53	168
53	171
53	184
53	189
53	190
53	194
53	230
53	231
53	253
53	257
53	270
53	278
53	293
53	295
53	314
53	332
53	339
53	340
53	346
53	368
53	381
53	387
53	394
53	395
53	403
53	404
53	426
53	428
53	442
53	448
53	459
53	487
53	499
54	56
54	77
54	83
54	84
54	119
54	124
54	185
54	193
54	215
54	221
54	266
54	302
54	304
54	323
54	330
54	337
54	341
54	342
54	358
54	408
54	417
54	419
54	423
54	441
54	462
54	489
54	492
55	58
55	61
55	83
55	90
55	98
55	107
55	117
55	124
55	127
55	136
55	151
55	173
55	174
55	175
55	185
55	186
55	189
55	217
55	227
55	236
55	237
55	256
55	307
55	315
55	318
55	326
55	336
55	339
55	355
55	367
55	373
55	375
55	381
55	382
55	403
55	414
55	426
55	444
55	455
55	470
55	495
56	90
56	98
56	101
56	109
56	110
56	118
56	126
56	130
56	136
56	148
56	151
56	164
56	168
56	176
56	190
56	216
56	220
56	225
56	232
56	244
56	246
56	272
56	297
56	301
56	310
56	317
56	321
56	327
56	329
56	341
56	345
56	354
56	365
56	379
56	384
56	392
56	397
56	418
56	422
56	427
56	431
56	444
56	449
56	461
56	483
57	68
57	79
57	85
57	103
57	106
57	109
57	113
57	114
57	122
57	124
57	130
57	163
57	186
57	211
57	212
57	229
57	233
57	235
57	257
57	263
57	276
57	279
57	286
57	295
57	340
57	346
57	351
57	355
57	366
57	367
57	384
57	386
57	400
57	412
57	425
57	433
57	441
57	442
57	447
57	448
57	461
57	466
57	467
57	481
58	76
58	91
58	100
58	112
58	118
58	128
58	133
58	149
58	150
58	157
58	167
58	178
58	190
58	194
58	198
58	221
58	228
58	229
58	237
58	239
58	240
58	246
58	248
58	253
58	256
58	261
58	262
58	266
58	278
58	281
58	295
58	298
58	323
58	332
58	342
58	343
58	345
58	352
58	365
58	366
58	414
58	420
58	422
58	423
58	438
58	452
58	478
58	481
58	494
59	64
59	78
59	107
59	113
59	114
59	117
59	126
59	131
59	135
59	154
59	159
59	173
59	177
59	184
59	187
59	196
59	197
59	198
59	199
59	204
59	212
59	214
59	219
59	244
59	256
59	262
59	266
59	294
59	321
59	327
59	332
59	342
59	350
59	351
59	352
59	357
59	367
59	373
59	378
59	388
59	391
59	406
59	410
59	427
59	440
59	452
59	454
59	466
59	489
59	491
59	497
59	499
60	71
60	82
60	88
60	92
60	101
60	134
60	143
60	155
60	159
60	161
60	167
60	178
60	197
60	205
60	222
60	236
60	249
60	253
60	323
60	329
60	332
60	350
60	355
60	357
60	361
60	365
60	366
60	374
60	380
60	385
60	388
60	401
60	413
60	423
60	424
60	428
60	429
60	433
60	440
60	443
60	456
60	457
60	459
60	468
60	476
60	478
60	481
60	496
61	74
61	84
61	88
61	91
61	97
61	150
61	157
61	159
61	169
61	170
61	174
61	179
61	184
61	200
61	201
61	223
61	228
61	241
61	251
61	264
61	270
61	271
61	282
61	294
61	314
61	326
61	333
61	346
61	349
61	350
61	351
61	353
61	383
61	402
61	442
61	458
61	465
61	476
61	482
61	494
62	69
62	91
62	93
62	95
62	111
62	112
62	114
62	131
62	147
62	164
62	169
62	171
62	178
62	186
62	193
62	194
62	229
62	238
62	245
62	246
62	247
62	257
62	264
62	303
62	312
62	331
62	346
62	354
62	361
62	370
62	372
62	388
62	437
62	442
62	450
62	461
62	470
62	475
62	477
62	480
62	497
63	67
63	74
63	75
63	79
63	91
63	99
63	114
63	120
63	132
63	147
63	148
63	160
63	166
63	175
63	184
63	195
63	200
63	201
63	202
63	204
63	224
63	225
63	232
63	235
63	253
63	255
63	268
63	288
63	294
63	296
63	302
63	325
63	330
63	357
63	371
63	375
63	401
63	416
63	433
63	437
63	439
63	446
63	455
63	460
63	461
63	463
63	474
64	66
64	70
64	72
64	79
64	83
64	101
64	105
64	108
64	116
64	123
64	132
64	135
64	149
64	155
64	170
64	171
64	175
64	191
64	196
64	199
64	235
64	237
64	240
64	269
64	284
64	295
64	300
64	307
64	310
64	313
64	314
64	319
64	328
64	342
64	345
64	354
64	363
64	383
64	404
64	406
64	465
65	85
65	92
65	96
65	105
65	121
65	128
65	129
65	135
65	144
65	150
65	156
65	161
65	163
65	178
65	183
65	196
65	199
65	201
65	220
65	236
65	265
65	267
65	297
65	302
65	321
65	333
65	335
65	343
65	349
65	353
65	355
65	388
65	398
65	405
65	418
65	441
65	443
65	444
65	459
65	468
65	474
65	476
65	477
65	485
65	490
65	492
65	494
66	70
66	88
66	108
66	110
66	123
66	137
66	141
66	154
66	166
66	167
66	168
66	169
66	184
66	188
66	197
66	199
66	200
66	219
66	228
66	238
66	239
66	248
66	255
66	270
66	272
66	285
66	324
66	331
66	360
66	362
66	365
66	379
66	385
66	406
66	411
66	418
66	419
66	422
66	424
66	434
66	440
66	445
66	457
66	477
66	481
66	497
67	95
67	100
67	104
67	107
67	110
67	115
67	116
67	124
67	128
67	148
67	153
67	158
67	170
67	173
67	176
67	182
67	183
67	184
67	217
67	240
67	267
67	284
67	287
67	298
67	299
67	301
67	305
67	314
67	324
67	329
67	333
67	337
67	339
67	359
67	360
67	380
67	383
67	395
67	397
67	405
67	420
67	425
67	428
67	431
67	451
67	461
67	490
67	494
67	496
68	78
68	79
68	81
68	107
68	111
68	120
68	127
68	154
68	157
68	168
68	179
68	186
68	204
68	206
68	207
68	212
68	224
68	240
68	258
68	282
68	288
68	289
68	304
68	316
68	317
68	330
68	344
68	348
68	354
68	356
68	367
68	375
68	381
68	382
68	383
68	403
68	404
68	411
68	419
68	446
68	452
68	464
68	475
68	476
68	485
68	496
69	76
69	80
69	99
69	133
69	149
69	153
69	157
69	170
69	225
69	231
69	239
69	260
69	276
69	279
69	310
69	315
69	319
69	324
69	330
69	336
69	341
69	347
69	348
69	364
69	379
69	384
69	385
69	387
69	389
69	432
69	438
69	445
69	447
69	467
69	489
69	496
69	499
70	71
70	90
70	100
70	114
70	116
70	121
70	134
70	142
70	168
70	185
70	197
70	200
70	226
70	231
70	268
70	283
70	284
70	286
70	292
70	308
70	310
70	317
70	346
70	353
70	354
70	355
70	356
70	364
70	377
70	401
70	430
70	438
71	74
71	89
71	90
71	100
71	123
71	132
71	135
71	142
71	159
71	170
71	175
71	214
71	215
71	224
71	246
71	248
71	258
71	263
71	265
71	271
71	286
71	294
71	319
71	337
71	352
71	363
71	365
71	373
71	374
71	393
71	396
71	409
71	445
71	453
71	457
71	471
71	473
72	75
72	83
72	97
72	98
72	107
72	109
72	113
72	115
72	121
72	133
72	145
72	151
72	161
72	163
72	164
72	184
72	200
72	215
72	231
72	239
72	242
72	244
72	249
72	254
72	266
72	273
72	275
72	277
72	282
72	311
72	329
72	346
72	374
72	376
72	391
72	400
72	402
72	406
72	415
72	427
72	430
72	442
72	445
72	457
72	486
72	493
73	84
73	87
73	106
73	111
73	128
73	130
73	134
73	138
73	143
73	146
73	151
73	157
73	165
73	181
73	188
73	189
73	221
73	235
73	240
73	259
73	266
73	270
73	281
73	286
73	287
73	293
73	294
73	297
73	304
73	306
73	317
73	323
73	335
73	336
73	339
73	371
73	383
73	389
73	395
73	398
73	401
73	415
73	423
73	434
73	435
73	438
73	439
73	440
73	442
73	446
73	461
73	470
73	477
74	80
74	118
74	126
74	139
74	140
74	141
74	142
74	150
74	157
74	168
74	171
74	206
74	208
74	215
74	242
74	255
74	321
74	356
74	370
74	383
74	388
74	390
74	391
74	422
74	432
74	433
74	442
74	453
74	484
74	486
74	496
75	96
75	99
75	100
75	115
75	119
75	123
75	125
75	126
75	175
75	180
75	185
75	186
75	192
75	194
75	199
75	205
75	216
75	218
75	227
75	229
75	230
75	244
75	255
75	259
75	261
75	262
75	267
75	284
75	288
75	290
75	291
75	307
75	312
75	315
75	316
75	339
75	365
75	373
75	400
75	404
75	418
75	421
75	424
75	429
75	437
75	443
75	446
75	462
75	468
75	470
75	472
75	481
75	499
76	79
76	81
76	83
76	90
76	91
76	113
76	116
76	118
76	119
76	122
76	129
76	158
76	162
76	175
76	193
76	206
76	238
76	244
76	264
76	269
76	291
76	292
76	303
76	307
76	313
76	319
76	327
76	328
76	333
76	338
76	343
76	345
76	379
76	406
76	411
76	429
76	435
76	441
76	442
76	458
76	470
76	472
76	476
76	478
76	492
76	494
76	495
77	96
77	97
77	100
77	129
77	145
77	149
77	157
77	172
77	186
77	209
77	211
77	215
77	216
77	218
77	239
77	243
77	258
77	262
77	283
77	308
77	313
77	316
77	322
77	329
77	354
77	364
77	370
77	378
77	386
77	402
77	419
77	421
77	436
77	460
77	477
77	481
77	483
77	486
78	80
78	85
78	105
78	128
78	130
78	144
78	150
78	160
78	166
78	167
78	169
78	185
78	210
78	221
78	239
78	245
78	253
78	265
78	267
78	269
78	274
78	289
78	295
78	302
78	319
78	323
78	349
78	361
78	385
78	403
78	416
78	417
78	428
78	470
78	485
78	488
78	490
79	87
79	93
79	94
79	95
79	109
79	114
79	118
79	133
79	134
79	142
79	152
79	165
79	172
79	173
79	184
79	187
79	219
79	231
79	243
79	244
79	250
79	262
79	265
79	268
79	277
79	285
79	288
79	298
79	308
79	342
79	363
79	364
79	378
79	389
79	390
79	400
79	408
79	411
79	448
79	450
79	478
79	489
80	93
80	122
80	137
80	157
80	159
80	180
80	210
80	218
80	229
80	234
80	258
80	262
80	294
80	299
80	305
80	314
80	321
80	326
80	329
80	344
80	354
80	361
80	364
80	374
80	375
80	382
80	405
80	406
80	417
80	425
80	428
80	433
80	438
80	439
80	445
80	463
80	489
80	490
80	491
80	498
81	84
81	86
81	95
81	100
81	101
81	107
81	119
81	146
81	173
81	175
81	184
81	185
81	188
81	234
81	248
81	252
81	253
81	272
81	274
81	276
81	288
81	291
81	303
81	308
81	311
81	313
81	318
81	323
81	332
81	333
81	336
81	337
81	375
81	379
81	394
81	395
81	416
81	421
81	426
81	428
81	436
81	437
81	447
81	449
81	458
81	460
81	461
81	469
81	479
81	483
81	486
81	487
81	499
82	101
82	109
82	112
82	116
82	139
82	141
82	149
82	154
82	166
82	195
82	197
82	220
82	263
82	271
82	276
82	277
82	300
82	316
82	320
82	338
82	355
82	360
82	369
82	390
82	405
82	408
82	419
82	429
82	438
82	453
82	470
83	87
83	105
83	147
83	148
83	150
83	162
83	195
83	198
83	216
83	221
83	224
83	227
83	238
83	240
83	241
83	246
83	250
83	259
83	277
83	281
83	285
83	297
83	301
83	313
83	314
83	316
83	338
83	341
83	353
83	354
83	355
83	368
83	394
83	401
83	410
83	430
83	448
83	471
83	472
83	496
84	94
84	96
84	99
84	115
84	117
84	146
84	150
84	179
84	193
84	196
84	199
84	204
84	230
84	245
84	246
84	251
84	269
84	293
84	294
84	305
84	310
84	313
84	315
84	323
84	328
84	340
84	345
84	357
84	389
84	397
84	405
84	409
84	411
84	429
84	431
84	438
84	439
84	444
84	458
84	459
84	460
84	463
84	464
84	468
84	473
84	494
84	499
85	87
85	89
85	97
85	98
85	101
85	113
85	120
85	132
85	137
85	138
85	151
85	158
85	159
85	163
85	168
85	188
85	192
85	231
85	237
85	238
85	243
85	302
85	315
85	322
85	338
85	345
85	346
85	371
85	378
85	380
85	387
85	393
85	407
85	418
85	438
85	455
85	460
85	484
85	492
86	88
86	95
86	101
86	112
86	117
86	121
86	135
86	149
86	165
86	169
86	173
86	175
86	176
86	182
86	185
86	187
86	193
86	216
86	227
86	231
86	232
86	246
86	250
86	267
86	273
86	277
86	290
86	300
86	331
86	335
86	342
86	347
86	349
86	352
86	356
86	361
86	391
86	396
86	431
86	436
86	449
86	464
86	475
86	480
87	105
87	127
87	135
87	140
87	163
87	177
87	184
87	207
87	208
87	219
87	227
87	231
87	238
87	244
87	250
87	270
87	273
87	294
87	321
87	323
87	327
87	328
87	332
87	347
87	360
87	385
87	386
87	403
87	408
87	411
87	414
87	416
87	434
87	438
87	440
87	447
87	477
87	479
87	482
87	483
87	492
88	97
88	100
88	106
88	113
88	119
88	123
88	132
88	136
88	138
88	159
88	170
88	180
88	181
88	182
88	195
88	220
88	230
88	237
88	243
88	245
88	251
88	264
88	267
88	277
88	288
88	292
88	301
88	302
88	310
88	321
88	322
88	325
88	336
88	339
88	355
88	359
88	362
88	377
88	382
88	386
88	389
88	394
88	399
88	439
88	452
88	454
88	457
88	470
88	486
88	493
89	100
89	119
89	128
89	143
89	149
89	156
89	173
89	183
89	191
89	197
89	216
89	221
89	243
89	250
89	252
89	255
89	284
89	293
89	309
89	312
89	323
89	339
89	345
89	363
89	368
89	370
89	385
89	391
89	399
89	409
89	425
89	434
89	450
89	454
89	455
89	469
89	479
89	490
89	496
90	91
90	98
90	104
90	124
90	128
90	132
90	147
90	172
90	188
90	201
90	202
90	217
90	223
90	229
90	235
90	236
90	266
90	277
90	286
90	289
90	292
90	310
90	314
90	326
90	333
90	347
90	358
90	359
90	363
90	370
90	372
90	387
90	420
90	423
90	439
90	446
90	457
90	462
90	472
90	476
90	482
90	488
90	492
90	496
90	499
91	95
91	99
91	108
91	112
91	119
91	131
91	134
91	138
91	141
91	158
91	166
91	172
91	174
91	186
91	248
91	250
91	266
91	274
91	276
91	282
91	287
91	316
91	324
91	335
91	347
91	373
91	390
91	393
91	414
91	424
91	425
91	427
91	431
91	446
91	455
91	456
91	465
91	482
91	486
91	499
92	103
92	113
92	121
92	123
92	133
92	136
92	138
92	141
92	145
92	148
92	150
92	166
92	196
92	200
92	202
92	211
92	214
92	216
92	220
92	256
92	263
92	272
92	273
92	291
92	304
92	314
92	317
92	320
92	327
92	340
92	341
92	343
92	344
92	349
92	370
92	378
92	380
92	389
92	393
92	400
92	416
92	435
92	452
92	471
92	473
92	477
92	493
92	495
93	107
93	121
93	136
93	142
93	147
93	177
93	181
93	189
93	192
93	193
93	201
93	211
93	220
93	245
93	252
93	266
93	267
93	275
93	279
93	295
93	317
93	319
93	327
93	351
93	352
93	354
93	362
93	364
93	365
93	369
93	376
93	379
93	382
93	383
93	384
93	396
93	407
93	414
93	428
93	444
93	459
93	460
93	465
93	480
93	482
93	491
93	497
94	97
94	99
94	113
94	132
94	150
94	151
94	153
94	157
94	174
94	184
94	185
94	190
94	197
94	198
94	200
94	206
94	231
94	235
94	247
94	260
94	261
94	267
94	274
94	281
94	308
94	314
94	316
94	324
94	325
94	333
94	335
94	358
94	379
94	384
94	393
94	406
94	418
94	423
94	425
94	434
94	446
94	469
94	475
94	498
95	98
95	107
95	125
95	140
95	160
95	162
95	175
95	193
95	195
95	210
95	214
95	218
95	220
95	250
95	252
95	254
95	279
95	287
95	302
95	308
95	310
95	321
95	344
95	355
95	362
95	370
95	379
95	380
95	386
95	392
95	394
95	411
95	418
95	427
95	437
95	441
95	448
95	457
95	460
95	463
95	468
95	492
96	101
96	130
96	139
96	148
96	154
96	163
96	166
96	169
96	172
96	179
96	192
96	193
96	195
96	208
96	210
96	217
96	234
96	236
96	253
96	263
96	271
96	276
96	281
96	289
96	301
96	311
96	312
96	332
96	345
96	351
96	368
96	377
96	383
96	385
96	388
96	390
96	392
96	394
96	397
96	401
96	440
96	443
96	470
96	481
96	482
97	117
97	132
97	133
97	135
97	139
97	142
97	148
97	157
97	164
97	189
97	190
97	199
97	212
97	215
97	220
97	224
97	225
97	232
97	233
97	234
97	237
97	245
97	248
97	256
97	258
97	261
97	262
97	273
97	277
97	288
97	290
97	292
97	296
97	305
97	307
97	314
97	337
97	353
97	368
97	370
97	373
97	392
97	409
97	411
97	414
97	415
97	418
97	455
97	462
97	465
97	470
97	474
97	492
98	115
98	122
98	136
98	155
98	158
98	161
98	180
98	187
98	198
98	207
98	264
98	269
98	276
98	287
98	292
98	302
98	315
98	323
98	338
98	348
98	359
98	362
98	363
98	370
98	372
98	389
98	391
98	398
98	431
98	433
98	441
98	480
98	482
98	486
98	489
98	492
99	107
99	114
99	119
99	130
99	133
99	140
99	147
99	149
99	150
99	154
99	155
99	162
99	170
99	185
99	204
99	206
99	208
99	226
99	250
99	264
99	274
99	286
99	287
99	290
99	304
99	342
99	343
99	346
99	359
99	360
99	362
99	368
99	371
99	399
99	407
99	408
99	417
99	423
99	431
99	433
99	446
99	449
99	470
99	498
100	111
100	112
100	127
100	133
100	148
100	152
100	178
100	187
100	203
100	222
100	224
100	229
100	233
100	246
100	254
100	259
100	286
100	300
100	315
100	324
100	341
100	361
100	363
100	369
100	394
100	396
100	405
100	411
100	422
100	428
100	431
100	433
100	445
100	465
100	476
100	478
100	485
100	490
100	494
100	499
101	105
101	111
101	118
101	131
101	139
101	149
101	224
101	236
101	240
101	242
101	244
101	247
101	255
101	257
101	271
101	272
101	273
101	280
101	281
101	298
101	328
101	332
101	333
101	336
101	339
101	351
101	354
101	377
101	396
101	402
101	424
101	427
101	429
101	436
101	444
101	464
101	476
101	488
101	493
102	136
102	141
102	163
102	188
102	193
102	194
102	237
102	244
102	276
102	277
102	285
102	289
102	298
102	314
102	317
102	321
102	326
102	329
102	332
102	334
102	357
102	358
102	393
102	395
102	396
102	397
102	411
102	412
102	415
102	419
102	421
102	424
102	435
102	442
102	461
102	465
102	477
102	484
102	492
102	497
102	499
103	126
103	128
103	137
103	170
103	172
103	202
103	214
103	229
103	230
103	263
103	264
103	269
103	297
103	304
103	313
103	319
103	320
103	327
103	329
103	332
103	335
103	366
103	374
103	376
103	395
103	403
103	413
103	414
103	418
103	424
103	425
103	449
103	453
103	472
103	474
103	478
104	130
104	135
104	139
104	152
104	157
104	163
104	170
104	182
104	197
104	207
104	239
104	256
104	263
104	268
104	284
104	300
104	316
104	322
104	326
104	330
104	334
104	341
104	344
104	346
104	348
104	358
104	401
104	402
104	407
104	411
104	413
104	416
104	423
104	440
104	451
104	459
104	467
104	479
105	121
105	124
105	140
105	150
105	156
105	168
105	175
105	190
105	217
105	227
105	255
105	298
105	301
105	319
105	330
105	372
105	374
105	381
105	393
105	395
105	401
105	404
105	410
105	421
105	424
105	433
105	437
105	446
105	496
106	121
106	128
106	129
106	130
106	137
106	141
106	158
106	180
106	184
106	186
106	187
106	206
106	217
106	225
106	239
106	282
106	284
106	298
106	320
106	326
106	334
106	340
106	349
106	352
106	366
106	377
106	385
106	399
106	400
106	410
106	412
106	429
106	449
106	459
106	465
106	470
106	474
106	488
106	496
107	110
107	114
107	116
107	148
107	152
107	185
107	201
107	204
107	216
107	220
107	225
107	232
107	233
107	243
107	255
107	280
107	284
107	289
107	298
107	302
107	319
107	338
107	350
107	364
107	375
107	379
107	399
107	408
107	418
107	430
107	442
107	445
107	446
107	460
107	461
107	484
107	496
108	120
108	122
108	129
108	131
108	143
108	146
108	147
108	165
108	167
108	169
108	174
108	199
108	223
108	238
108	248
108	249
108	302
108	304
108	325
108	339
108	350
108	362
108	365
108	386
108	423
108	425
108	426
108	427
108	428
108	430
108	434
108	473
108	480
108	481
108	487
108	497
109	140
109	143
109	144
109	148
109	150
109	160
109	166
109	193
109	198
109	205
109	207
109	212
109	213
109	214
109	220
109	245
109	253
109	287
109	298
109	309
109	317
109	318
109	320
109	326
109	332
109	333
109	347
109	351
109	358
109	368
109	377
109	390
109	394
109	406
109	408
109	423
109	443
109	444
109	446
110	111
110	120
110	131
110	151
110	170
110	172
110	176
110	199
110	210
110	230
110	242
110	268
110	274
110	286
110	287
110	288
110	297
110	302
110	314
110	317
110	342
110	343
110	366
110	393
110	403
110	418
110	419
110	429
110	436
110	440
110	452
110	458
110	484
111	119
111	121
111	136
111	146
111	149
111	158
111	159
111	163
111	170
111	174
111	193
111	195
111	199
111	204
111	206
111	210
111	217
111	223
111	255
111	270
111	271
111	294
111	313
111	314
111	315
111	318
111	347
111	358
111	364
111	380
111	382
111	393
111	401
111	410
111	413
111	419
111	441
111	445
111	458
111	461
111	464
111	473
111	475
112	117
112	121
112	126
112	144
112	149
112	152
112	153
112	167
112	184
112	185
112	194
112	201
112	220
112	255
112	269
112	284
112	300
112	337
112	341
112	377
112	386
112	388
112	396
112	397
112	408
112	428
112	433
112	452
112	465
112	481
112	487
112	492
112	496
113	116
113	118
113	136
113	140
113	146
113	149
113	158
113	162
113	170
113	171
113	178
113	194
113	200
113	201
113	241
113	265
113	273
113	278
113	284
113	289
113	295
113	298
113	308
113	322
113	339
113	340
113	346
113	350
113	352
113	364
113	366
113	373
113	374
113	383
113	385
113	397
113	401
113	402
113	428
113	434
113	435
113	448
113	450
113	471
113	474
113	475
113	484
113	488
114	118
114	138
114	139
114	154
114	160
114	163
114	168
114	170
114	193
114	200
114	203
114	207
114	211
114	218
114	222
114	232
114	238
114	244
114	265
114	267
114	296
114	301
114	312
114	313
114	327
114	331
114	338
114	342
114	350
114	354
114	356
114	381
114	410
114	415
114	416
114	425
114	435
114	463
114	467
114	470
115	145
115	153
115	173
115	181
115	194
115	201
115	214
115	215
115	239
115	262
115	267
115	286
115	294
115	299
115	305
115	306
115	317
115	321
115	334
115	355
115	356
115	371
115	376
115	385
115	388
115	401
115	410
115	424
115	439
115	441
115	448
115	460
115	463
115	478
115	487
116	123
116	124
116	137
116	142
116	145
116	162
116	165
116	172
116	179
116	225
116	236
116	238
116	251
116	259
116	263
116	278
116	284
116	288
116	297
116	300
116	316
116	318
116	320
116	322
116	341
116	351
116	358
116	360
116	364
116	373
116	374
116	403
116	418
116	423
116	424
116	430
116	431
116	434
116	465
116	488
116	498
117	145
117	149
117	166
117	190
117	206
117	223
117	228
117	233
117	241
117	262
117	267
117	269
117	271
117	285
117	287
117	293
117	297
117	306
117	312
117	322
117	323
117	366
117	383
117	404
117	413
117	422
117	424
117	438
117	446
117	457
117	460
117	461
117	464
117	473
117	474
117	484
118	130
118	138
118	147
118	173
118	174
118	175
118	184
118	200
118	202
118	208
118	209
118	212
118	224
118	246
118	253
118	254
118	263
118	271
118	277
118	290
118	291
118	298
118	319
118	321
118	323
118	324
118	350
118	368
118	390
118	395
118	403
118	404
118	408
118	413
118	416
118	424
118	427
118	437
118	443
118	471
118	476
118	481
118	497
119	120
119	121
119	130
119	132
119	142
119	150
119	166
119	176
119	196
119	211
119	212
119	238
119	253
119	257
119	259
119	270
119	272
119	274
119	282
119	287
119	299
119	302
119	303
119	319
119	331
119	334
119	347
119	352
119	363
119	368
119	379
119	381
119	383
119	384
119	399
119	413
119	420
119	425
119	439
119	445
119	447
119	450
119	466
119	470
119	474
119	485
119	491
120	130
120	155
120	163
120	164
120	167
120	170
120	179
120	237
120	250
120	303
120	334
120	365
120	367
120	372
120	379
120	380
120	382
120	410
120	411
120	428
120	436
120	443
120	460
121	140
121	143
121	148
121	166
121	174
121	179
121	181
121	188
121	195
121	203
121	234
121	243
121	248
121	250
121	271
121	279
121	307
121	311
121	315
121	337
121	343
121	354
121	363
121	377
121	405
121	416
121	422
121	438
121	439
121	441
121	444
121	446
121	450
121	458
121	465
121	468
121	473
121	482
121	487
121	490
121	498
122	126
122	133
122	171
122	180
122	181
122	214
122	215
122	222
122	228
122	237
122	253
122	291
122	292
122	298
122	307
122	309
122	310
122	331
122	341
122	346
122	398
122	402
122	404
122	434
122	439
122	445
122	456
122	470
122	485
122	486
123	149
123	183
123	196
123	204
123	206
123	213
123	244
123	263
123	271
123	287
123	314
123	318
123	328
123	351
123	352
123	354
123	360
123	363
123	373
123	383
123	384
123	387
123	398
123	404
123	405
123	413
123	446
123	454
123	456
123	465
123	467
123	470
123	472
123	498
124	132
124	148
124	167
124	171
124	174
124	197
124	200
124	203
124	204
124	245
124	247
124	254
124	287
124	302
124	305
124	347
124	349
124	379
124	381
124	394
124	397
124	416
124	420
124	421
124	454
124	458
124	460
124	479
124	482
124	483
124	484
124	491
124	492
125	127
125	141
125	142
125	143
125	149
125	175
125	178
125	194
125	200
125	209
125	247
125	251
125	265
125	276
125	277
125	280
125	292
125	295
125	313
125	321
125	326
125	327
125	328
125	344
125	352
125	357
125	367
125	392
125	401
125	404
125	414
125	431
125	441
125	443
125	452
125	470
125	476
125	484
125	494
125	497
126	132
126	149
126	150
126	171
126	175
126	182
126	186
126	188
126	199
126	248
126	251
126	252
126	281
126	288
126	291
126	305
126	315
126	336
126	339
126	394
126	398
126	423
126	428
126	429
126	444
126	450
126	458
126	459
126	477
126	479
126	486
126	489
127	145
127	158
127	179
127	183
127	192
127	218
127	223
127	231
127	241
127	265
127	276
127	277
127	279
127	287
127	311
127	326
127	329
127	347
127	369
127	370
127	379
127	381
127	386
127	405
127	407
127	417
127	419
127	431
127	454
127	461
127	464
127	469
128	135
128	140
128	150
128	153
128	162
128	188
128	190
128	208
128	224
128	228
128	243
128	244
128	264
128	271
128	282
128	291
128	294
128	327
128	331
128	340
128	372
128	377
128	384
128	388
128	390
128	393
128	404
128	414
128	421
128	422
128	423
128	425
128	427
128	438
128	445
128	447
128	459
128	469
128	480
128	484
129	140
129	145
129	151
129	159
129	167
129	170
129	176
129	197
129	201
129	229
129	235
129	242
129	247
129	260
129	307
129	316
129	317
129	321
129	331
129	351
129	369
129	403
129	406
129	408
129	409
129	420
129	435
129	436
129	438
129	440
129	451
129	452
129	466
129	470
129	484
130	140
130	153
130	174
130	175
130	181
130	182
130	200
130	201
130	204
130	215
130	216
130	226
130	236
130	250
130	260
130	267
130	273
130	277
130	280
130	284
130	306
130	326
130	336
130	337
130	350
130	363
130	374
130	380
130	387
130	389
130	416
130	419
130	436
130	445
130	447
130	453
130	456
130	459
130	474
130	494
130	498
131	133
131	139
131	140
131	141
131	147
131	152
131	189
131	192
131	221
131	244
131	265
131	266
131	269
131	272
131	273
131	283
131	300
131	334
131	349
131	352
131	363
131	368
131	406
131	409
131	414
131	441
131	449
131	452
131	459
131	462
131	473
131	474
131	480
131	483
131	486
131	487
131	491
131	496
132	150
132	173
132	176
132	177
132	183
132	185
132	188
132	216
132	257
132	266
132	276
132	287
132	288
132	303
132	306
132	323
132	329
132	332
132	337
132	351
132	356
132	378
132	398
132	411
132	413
132	432
132	444
132	448
132	494
132	498
133	151
133	153
133	181
133	197
133	212
133	214
133	228
133	234
133	242
133	243
133	247
133	249
133	258
133	288
133	297
133	316
133	317
133	330
133	336
133	338
133	353
133	371
133	395
133	396
133	410
133	413
133	426
133	442
133	446
133	463
133	466
133	493
133	499
134	153
134	156
134	161
134	164
134	167
134	175
134	191
134	215
134	225
134	230
134	240
134	256
134	281
134	288
134	297
134	298
134	338
134	351
134	388
134	406
134	414
134	430
134	440
134	442
134	446
134	450
134	451
134	476
134	482
134	483
134	487
134	496
135	146
135	147
135	181
135	201
135	216
135	222
135	238
135	251
135	260
135	268
135	276
135	277
135	278
135	286
135	295
135	297
135	303
135	320
135	322
135	327
135	349
135	350
135	356
135	382
135	389
135	396
135	403
135	437
135	446
135	450
135	455
135	456
135	462
135	464
135	466
135	477
136	145
136	147
136	148
136	154
136	156
136	166
136	174
136	176
136	206
136	225
136	241
136	262
136	273
136	284
136	317
136	323
136	333
136	340
136	368
136	372
136	374
136	385
136	387
136	392
136	401
136	404
136	406
136	407
136	426
136	431
136	453
136	489
136	494
136	498
137	143
137	144
137	153
137	169
137	172
137	188
137	190
137	200
137	201
137	206
137	207
137	219
137	225
137	254
137	259
137	261
137	267
137	271
137	273
137	283
137	294
137	298
137	306
137	313
137	315
137	346
137	352
137	369
137	383
137	384
137	397
137	410
137	414
137	421
137	424
137	442
137	451
137	474
137	477
137	483
137	485
137	490
137	498
138	150
138	158
138	160
138	170
138	189
138	210
138	213
138	218
138	224
138	240
138	251
138	261
138	262
138	274
138	304
138	326
138	339
138	343
138	350
138	362
138	363
138	381
138	383
138	407
138	409
138	410
138	412
138	415
138	419
138	421
138	429
138	432
138	443
138	446
138	465
138	492
139	143
139	151
139	164
139	173
139	179
139	198
139	212
139	220
139	221
139	234
139	239
139	240
139	241
139	270
139	279
139	294
139	297
139	302
139	303
139	310
139	321
139	332
139	347
139	356
139	357
139	361
139	373
139	383
139	390
139	412
139	416
139	421
139	426
139	431
139	443
139	478
139	480
139	488
139	496
140	152
140	157
140	168
140	175
140	183
140	195
140	201
140	206
140	207
140	208
140	217
140	233
140	243
140	246
140	248
140	258
140	268
140	282
140	284
140	285
140	289
140	308
140	310
140	313
140	320
140	324
140	338
140	341
140	347
140	350
140	352
140	402
140	406
140	411
140	418
140	422
140	432
140	441
140	460
140	475
140	481
140	483
140	498
141	157
141	180
141	186
141	188
141	211
141	236
141	247
141	267
141	269
141	271
141	274
141	289
141	290
141	300
141	306
141	308
141	324
141	328
141	342
141	349
141	370
141	378
141	382
141	384
141	401
141	402
141	422
141	428
141	442
141	452
141	457
141	467
141	468
141	496
142	147
142	151
142	159
142	166
142	168
142	203
142	211
142	214
142	219
142	224
142	226
142	263
142	272
142	283
142	286
142	291
142	301
142	305
142	323
142	337
142	339
142	360
142	368
142	370
142	376
142	378
142	384
142	387
142	389
142	393
142	397
142	401
142	448
142	456
142	459
142	483
143	149
143	157
143	158
143	163
143	171
143	194
143	195
143	219
143	230
143	240
143	255
143	258
143	273
143	275
143	285
143	292
143	305
143	308
143	317
143	320
143	321
143	330
143	341
143	342
143	366
143	390
143	411
143	416
143	420
143	421
143	436
143	446
143	448
143	454
143	456
143	461
143	463
143	468
143	471
143	482
143	485
143	488
144	149
144	161
144	180
144	186
144	209
144	213
144	219
144	240
144	246
144	248
144	250
144	253
144	257
144	258
144	281
144	292
144	309
144	310
144	328
144	331
144	335
144	338
144	341
144	344
144	346
144	355
144	376
144	383
144	393
144	398
144	409
144	417
144	418
144	421
144	426
144	435
144	437
144	449
144	472
144	495
145	151
145	158
145	159
145	160
145	162
145	178
145	184
145	225
145	229
145	250
145	261
145	262
145	271
145	278
145	284
145	327
145	335
145	365
145	377
145	379
145	398
145	402
145	404
145	413
145	420
145	423
145	433
145	436
145	448
145	455
145	485
145	495
145	496
146	149
146	188
146	193
146	205
146	216
146	244
146	258
146	261
146	265
146	269
146	285
146	286
146	289
146	292
146	317
146	319
146	321
146	339
146	346
146	351
146	361
146	384
146	401
146	410
146	413
146	414
146	419
146	423
146	424
146	426
146	435
146	455
146	462
146	469
146	476
146	480
146	481
146	482
146	484
146	496
147	148
147	149
147	158
147	166
147	177
147	181
147	193
147	242
147	245
147	260
147	263
147	264
147	274
147	283
147	285
147	298
147	299
147	360
147	362
147	373
147	375
147	376
147	384
147	390
147	410
147	414
147	429
147	434
147	435
147	439
147	442
147	463
147	474
147	475
148	163
148	164
148	169
148	179
148	188
148	190
148	191
148	193
148	194
148	196
148	217
148	223
148	234
148	241
148	242
148	245
148	260
148	278
148	281
148	288
148	289
148	293
148	296
148	304
148	305
148	307
148	310
148	324
148	325
148	333
148	338
148	360
148	384
148	398
148	399
148	401
148	422
148	429
148	430
148	438
148	443
148	451
148	465
148	471
148	481
148	491
149	164
149	174
149	183
149	197
149	203
149	209
149	222
149	236
149	240
149	244
149	245
149	246
149	248
149	250
149	280
149	285
149	294
149	327
149	346
149	350
149	399
149	404
149	423
149	424
149	425
149	433
149	438
149	448
149	451
149	455
149	471
149	483
150	162
150	174
150	231
150	259
150	264
150	284
150	298
150	308
150	326
150	336
150	355
150	370
150	375
150	377
150	383
150	384
150	396
150	400
150	401
150	411
150	412
150	427
150	440
150	451
150	455
150	461
150	485
151	188
151	196
151	200
151	210
151	226
151	233
151	237
151	244
151	248
151	256
151	261
151	267
151	283
151	297
151	298
151	318
151	324
151	359
151	384
151	395
151	419
151	420
151	421
151	432
151	436
151	469
151	479
151	495
152	153
152	158
152	169
152	180
152	187
152	193
152	194
152	222
152	233
152	235
152	239
152	246
152	273
152	286
152	288
152	298
152	323
152	325
152	334
152	350
152	361
152	378
152	385
152	391
152	402
152	405
152	407
152	408
152	413
152	418
152	428
152	447
152	452
152	459
152	471
152	495
153	154
153	162
153	177
153	186
153	197
153	203
153	208
153	231
153	249
153	265
153	278
153	287
153	291
153	293
153	310
153	319
153	329
153	342
153	349
153	357
153	368
153	372
153	379
153	403
153	423
153	446
153	453
153	480
153	492
153	493
154	156
154	184
154	202
154	208
154	284
154	288
154	292
154	332
154	336
154	353
154	363
154	374
154	378
154	384
154	413
154	421
154	426
154	439
154	446
154	449
154	451
154	453
154	455
154	456
154	457
154	473
154	480
154	487
155	161
155	179
155	181
155	184
155	195
155	200
155	221
155	223
155	232
155	254
155	267
155	292
155	294
155	320
155	335
155	347
155	349
155	352
155	355
155	380
155	420
155	440
155	451
155	456
155	461
155	465
155	470
155	483
155	484
155	497
156	167
156	173
156	195
156	216
156	230
156	238
156	246
156	256
156	270
156	308
156	319
156	321
156	327
156	344
156	347
156	368
156	378
156	380
156	383
156	386
156	387
156	396
156	428
156	437
156	458
156	461
156	463
156	472
156	483
156	487
156	496
156	497
157	165
157	167
157	190
157	199
157	204
157	215
157	221
157	239
157	241
157	247
157	256
157	266
157	274
157	282
157	291
157	301
157	302
157	305
157	310
157	319
157	334
157	337
157	346
157	353
157	361
157	362
157	364
157	366
157	369
157	370
157	378
157	397
157	400
157	407
157	413
157	430
157	431
157	436
157	439
157	442
157	443
157	444
157	455
157	494
157	495
157	498
157	499
158	162
158	176
158	180
158	183
158	187
158	189
158	210
158	223
158	226
158	227
158	267
158	293
158	296
158	299
158	310
158	336
158	337
158	339
158	363
158	367
158	393
158	408
158	410
158	421
158	434
158	442
158	499
159	162
159	163
159	166
159	175
159	176
159	185
159	214
159	227
159	229
159	239
159	240
159	259
159	261
159	268
159	272
159	292
159	306
159	326
159	347
159	368
159	373
159	376
159	378
159	381
159	393
159	404
159	413
159	416
159	418
159	426
159	440
159	445
159	455
159	466
159	467
159	479
160	186
160	191
160	248
160	266
160	268
160	276
160	280
160	287
160	291
160	293
160	312
160	330
160	333
160	335
160	341
160	347
160	358
160	370
160	385
160	398
160	402
160	420
160	428
160	442
160	458
160	461
160	480
160	486
160	492
161	166
161	182
161	199
161	200
161	211
161	220
161	229
161	243
161	262
161	268
161	271
161	273
161	280
161	297
161	302
161	306
161	313
161	316
161	321
161	323
161	324
161	333
161	347
161	349
161	350
161	362
161	368
161	376
161	380
161	381
161	383
161	386
161	395
161	417
161	423
161	457
161	460
161	466
161	474
161	485
162	163
162	165
162	228
162	246
162	259
162	260
162	265
162	271
162	272
162	284
162	316
162	318
162	338
162	354
162	391
162	393
162	398
162	443
162	447
162	473
162	474
162	485
163	169
163	183
163	193
163	218
163	229
163	230
163	231
163	234
163	239
163	243
163	248
163	257
163	260
163	263
163	284
163	285
163	289
163	308
163	318
163	375
163	414
163	427
163	436
163	442
163	445
163	450
163	451
163	461
163	474
163	487
163	489
163	491
163	493
163	497
163	498
163	499
164	204
164	207
164	230
164	259
164	269
164	279
164	282
164	291
164	314
164	316
164	319
164	339
164	354
164	374
164	382
164	390
164	395
164	410
164	423
164	424
164	431
164	433
164	434
164	447
164	474
164	494
164	499
165	174
165	194
165	197
165	214
165	220
165	231
165	242
165	246
165	249
165	255
165	267
165	277
165	286
165	289
165	295
165	297
165	303
165	313
165	327
165	333
165	335
165	339
165	340
165	372
165	387
165	395
165	419
165	429
165	439
165	445
165	449
165	469
165	478
165	479
165	493
165	494
166	167
166	173
166	177
166	185
166	201
166	216
166	222
166	236
166	248
166	255
166	260
166	282
166	285
166	287
166	292
166	297
166	298
166	299
166	301
166	312
166	316
166	331
166	351
166	369
166	371
166	388
166	391
166	412
166	418
166	429
166	434
166	439
166	456
166	460
166	461
166	462
166	468
166	496
167	190
167	200
167	220
167	232
167	237
167	244
167	245
167	279
167	283
167	290
167	302
167	304
167	317
167	318
167	355
167	361
167	365
167	380
167	410
167	419
167	424
167	427
167	437
167	438
167	448
167	451
167	457
167	464
167	465
167	466
167	475
167	482
167	496
168	180
168	189
168	194
168	219
168	223
168	226
168	245
168	247
168	250
168	278
168	279
168	288
168	295
168	304
168	306
168	314
168	315
168	316
168	317
168	320
168	359
168	366
168	368
168	385
168	409
168	427
168	433
168	437
168	440
168	442
168	443
168	454
168	468
168	477
168	478
168	479
168	484
169	185
169	220
169	250
169	252
169	298
169	305
169	310
169	313
169	315
169	319
169	321
169	330
169	341
169	350
169	378
169	389
169	391
169	397
169	398
169	404
169	407
169	421
169	426
169	438
169	444
169	452
169	478
169	490
169	492
170	177
170	178
170	182
170	183
170	192
170	200
170	213
170	216
170	238
170	243
170	244
170	247
170	250
170	256
170	272
170	274
170	278
170	313
170	335
170	339
170	382
170	387
170	388
170	390
170	394
170	397
170	398
170	400
170	408
170	435
170	437
170	439
170	441
170	448
170	471
171	191
171	193
171	202
171	213
171	215
171	223
171	240
171	244
171	272
171	273
171	285
171	292
171	300
171	332
171	355
171	379
171	381
171	383
171	387
171	390
171	400
171	423
171	429
171	449
171	464
171	470
171	477
171	486
171	494
172	192
172	231
172	238
172	275
172	290
172	295
172	324
172	326
172	329
172	348
172	362
172	370
172	377
172	403
172	411
172	414
172	417
172	419
172	435
172	444
172	452
172	454
172	465
172	466
172	469
172	480
172	481
172	482
172	486
172	498
173	195
173	202
173	206
173	218
173	232
173	237
173	295
173	306
173	307
173	321
173	327
173	338
173	414
173	427
173	429
173	447
173	463
173	467
173	473
173	478
173	490
174	186
174	196
174	206
174	210
174	290
174	319
174	320
174	342
174	343
174	364
174	379
174	385
174	391
174	394
174	401
174	407
174	422
174	435
174	439
174	443
174	449
174	456
174	466
174	468
174	469
174	484
174	489
174	493
175	181
175	186
175	237
175	249
175	253
175	263
175	267
175	269
175	289
175	301
175	329
175	349
175	359
175	361
175	385
175	401
175	414
175	420
175	424
175	442
175	447
175	452
175	465
175	487
176	179
176	185
176	187
176	189
176	190
176	200
176	211
176	216
176	218
176	233
176	241
176	244
176	246
176	260
176	261
176	262
176	274
176	278
176	283
176	293
176	294
176	297
176	298
176	349
176	350
176	351
176	361
176	370
176	373
176	399
176	405
176	409
176	421
176	427
176	437
176	449
176	459
176	464
176	468
176	473
176	484
176	496
177	181
177	192
177	211
177	213
177	220
177	222
177	228
177	229
177	245
177	247
177	249
177	251
177	263
177	266
177	267
177	281
177	289
177	299
177	301
177	310
177	315
177	331
177	335
177	350
177	351
177	359
177	374
177	376
177	385
177	387
177	403
177	438
177	444
177	461
177	463
177	472
177	489
177	495
177	497
177	498
178	181
178	195
178	203
178	204
178	208
178	214
178	219
178	226
178	238
178	239
178	242
178	249
178	253
178	273
178	293
178	310
178	311
178	314
178	337
178	365
178	379
178	396
178	398
178	407
178	413
178	415
178	419
178	420
178	451
178	487
179	181
179	187
179	188
179	196
179	211
179	214
179	215
179	230
179	244
179	256
179	263
179	279
179	281
179	282
179	289
179	293
179	295
179	304
179	305
179	328
179	335
179	344
179	354
179	366
179	371
179	374
179	388
179	390
179	396
179	403
179	404
179	405
179	407
179	412
179	431
179	447
179	450
179	458
179	465
179	470
179	471
179	472
179	476
179	491
179	495
180	189
180	219
180	240
180	254
180	263
180	267
180	269
180	290
180	306
180	314
180	325
180	332
180	355
180	356
180	362
180	363
180	373
180	391
180	401
180	409
180	428
180	437
180	450
180	452
180	455
180	456
180	464
180	470
180	471
180	488
181	189
181	190
181	198
181	204
181	205
181	206
181	230
181	244
181	247
181	251
181	268
181	274
181	295
181	308
181	310
181	313
181	332
181	338
181	340
181	362
181	379
181	397
181	423
181	438
181	446
181	479
181	481
181	488
181	491
181	492
182	199
182	205
182	217
182	222
182	229
182	246
182	248
182	250
182	257
182	262
182	281
182	284
182	292
182	294
182	304
182	309
182	330
182	334
182	363
182	371
182	376
182	392
182	408
182	414
182	464
182	488
182	491
182	496
183	184
183	197
183	208
183	213
183	226
183	236
183	238
183	239
183	250
183	252
183	256
183	268
183	269
183	270
183	272
183	275
183	276
183	287
183	292
183	306
183	313
183	315
183	329
183	340
183	346
183	357
183	372
183	377
183	396
183	398
183	403
183	432
183	440
183	463
183	476
183	481
183	482
183	497
183	499
184	189
184	194
184	198
184	208
184	211
184	238
184	239
184	257
184	267
184	272
184	275
184	284
184	310
184	331
184	332
184	338
184	341
184	346
184	359
184	374
184	378
184	381
184	424
184	447
184	464
184	469
184	483
184	488
185	186
185	214
185	216
185	240
185	242
185	257
185	267
185	284
185	315
185	341
185	351
185	352
185	356
185	367
185	373
185	375
185	384
185	387
185	392
185	393
185	426
185	429
185	437
185	439
185	459
185	470
185	474
185	490
185	493
186	195
186	210
186	214
186	235
186	246
186	250
186	257
186	268
186	273
186	282
186	298
186	311
186	317
186	319
186	325
186	338
186	342
186	344
186	349
186	353
186	371
186	376
186	410
186	412
186	414
186	419
186	427
186	442
186	461
186	466
186	474
186	477
186	479
186	484
186	496
187	191
187	194
187	195
187	202
187	205
187	209
187	217
187	225
187	226
187	231
187	238
187	239
187	241
187	245
187	265
187	266
187	276
187	306
187	330
187	334
187	353
187	354
187	361
187	365
187	373
187	374
187	375
187	379
187	409
187	410
187	418
187	432
187	433
187	442
187	447
187	460
187	488
188	194
188	207
188	210
188	223
188	244
188	246
188	256
188	281
188	291
188	295
188	307
188	320
188	344
188	359
188	368
188	385
188	412
188	437
188	442
188	445
188	459
188	475
189	200
189	202
189	203
189	231
189	245
189	251
189	267
189	274
189	278
189	285
189	287
189	293
189	306
189	314
189	317
189	319
189	327
189	335
189	352
189	355
189	362
189	368
189	377
189	378
189	400
189	413
189	429
189	435
189	437
189	451
189	456
189	464
189	466
189	475
189	479
189	485
189	488
189	494
190	196
190	199
190	210
190	219
190	238
190	250
190	254
190	265
190	287
190	289
190	306
190	323
190	329
190	340
190	345
190	346
190	347
190	351
190	370
190	374
190	376
190	396
190	402
190	410
190	417
190	429
190	437
190	446
190	493
190	498
191	196
191	198
191	200
191	208
191	229
191	245
191	255
191	262
191	263
191	293
191	309
191	310
191	312
191	334
191	340
191	353
191	359
191	365
191	380
191	387
191	395
191	406
191	440
191	443
191	444
191	447
191	454
191	464
191	468
191	481
191	483
191	488
191	489
191	491
192	203
192	206
192	214
192	217
192	240
192	244
192	256
192	258
192	259
192	260
192	279
192	320
192	327
192	343
192	345
192	350
192	385
192	390
192	406
192	418
192	421
192	445
192	447
192	450
192	459
192	467
192	472
192	475
192	478
192	499
193	199
193	212
193	236
193	251
193	255
193	264
193	288
193	293
193	301
193	326
193	330
193	344
193	349
193	352
193	358
193	373
193	376
193	389
193	391
193	396
193	403
193	404
193	411
193	423
193	453
193	464
193	466
193	468
193	489
194	204
194	207
194	236
194	240
194	244
194	258
194	268
194	276
194	280
194	287
194	289
194	292
194	298
194	299
194	311
194	330
194	339
194	352
194	358
194	369
194	389
194	398
194	403
194	405
194	413
194	431
194	442
194	456
194	457
194	464
194	470
194	487
194	489
194	495
195	201
195	204
195	210
195	220
195	248
195	263
195	268
195	279
195	296
195	340
195	345
195	388
195	397
195	401
195	406
195	422
195	428
195	432
195	434
195	442
195	464
195	465
195	469
195	475
195	477
195	479
195	483
195	488
195	494
196	201
196	244
196	254
196	309
196	330
196	370
196	394
196	401
196	405
196	417
196	425
196	454
196	468
196	480
196	486
196	491
197	205
197	214
197	215
197	216
197	217
197	227
197	234
197	240
197	244
197	251
197	252
197	257
197	294
197	296
197	321
197	327
197	334
197	336
197	353
197	363
197	367
197	371
197	374
197	385
197	427
197	428
197	437
197	438
197	457
197	461
197	464
197	469
197	473
197	475
197	496
197	498
197	499
198	202
198	217
198	221
198	232
198	237
198	262
198	266
198	271
198	286
198	300
198	311
198	312
198	333
198	344
198	349
198	353
198	358
198	369
198	378
198	379
198	397
198	416
198	438
198	457
198	458
198	463
198	465
198	471
198	491
199	205
199	246
199	259
199	279
199	294
199	313
199	336
199	337
199	344
199	355
199	359
199	457
199	491
200	207
200	214
200	227
200	241
200	249
200	250
200	251
200	258
200	264
200	273
200	278
200	279
200	280
200	281
200	283
200	292
200	306
200	312
200	318
200	322
200	326
200	337
200	351
200	352
200	357
200	367
200	378
200	398
200	416
200	417
200	419
200	421
200	430
200	432
200	443
200	464
200	475
200	477
200	494
201	247
201	249
201	259
201	266
201	278
201	284
201	286
201	289
201	293
201	326
201	327
201	331
201	332
201	337
201	338
201	339
201	348
201	353
201	362
201	403
201	404
201	437
201	439
201	446
201	449
201	456
201	457
201	458
201	462
201	472
201	496
201	499
202	206
202	214
202	241
202	250
202	270
202	292
202	313
202	318
202	340
202	343
202	350
202	356
202	379
202	395
202	400
202	402
202	406
202	410
202	420
202	432
202	434
202	445
202	448
202	475
202	477
202	478
202	479
202	486
203	230
203	239
203	241
203	249
203	252
203	266
203	268
203	283
203	285
203	344
203	350
203	359
203	361
203	388
203	400
203	406
203	418
203	419
203	423
203	432
203	435
203	441
203	462
203	465
203	476
203	481
203	487
203	494
204	217
204	239
204	240
204	244
204	251
204	273
204	275
204	283
204	291
204	297
204	307
204	315
204	331
204	342
204	347
204	357
204	359
204	360
204	361
204	364
204	368
204	382
204	393
204	398
204	401
204	407
204	418
204	429
204	433
204	476
204	480
204	488
205	209
205	214
205	216
205	226
205	236
205	238
205	247
205	248
205	252
205	253
205	265
205	283
205	299
205	315
205	316
205	318
205	322
205	340
205	345
205	350
205	354
205	357
205	371
205	376
205	386
205	405
205	409
205	449
205	474
205	476
205	486
206	212
206	219
206	221
206	235
206	237
206	248
206	249
206	258
206	285
206	289
206	302
206	316
206	334
206	349
206	360
206	369
206	370
206	385
206	405
206	418
206	437
206	463
206	476
206	479
206	486
207	214
207	215
207	216
207	241
207	265
207	266
207	303
207	306
207	309
207	318
207	325
207	329
207	339
207	350
207	358
207	360
207	373
207	374
207	393
207	409
207	420
207	430
207	437
207	445
207	453
207	455
207	457
207	478
208	209
208	211
208	215
208	228
208	230
208	238
208	247
208	262
208	273
208	311
208	317
208	325
208	348
208	351
208	355
208	367
208	368
208	369
208	378
208	379
208	380
208	390
208	410
208	432
208	435
208	443
208	456
208	463
208	475
208	498
209	216
209	223
209	235
209	239
209	255
209	273
209	310
209	328
209	330
209	345
209	351
209	362
209	367
209	377
209	383
209	386
209	399
209	403
209	408
209	414
209	436
209	453
209	471
209	480
209	485
209	495
210	223
210	225
210	248
210	251
210	266
210	281
210	287
210	292
210	294
210	307
210	317
210	326
210	327
210	331
210	335
210	352
210	354
210	374
210	397
210	399
210	412
210	418
210	421
210	422
210	430
210	453
210	454
210	455
210	465
211	214
211	221
211	234
211	251
211	259
211	264
211	283
211	284
211	303
211	333
211	344
211	348
211	350
211	351
211	367
211	372
211	377
211	394
211	404
211	428
211	454
211	465
211	484
211	492
212	214
212	244
212	258
212	260
212	270
212	290
212	299
212	307
212	308
212	319
212	324
212	340
212	344
212	367
212	370
212	382
212	390
212	399
212	423
212	442
212	461
212	464
212	465
212	490
213	226
213	248
213	261
213	272
213	284
213	289
213	295
213	312
213	326
213	333
213	335
213	347
213	348
213	351
213	353
213	362
213	364
213	368
213	390
213	397
213	399
213	421
213	422
213	426
213	430
213	431
213	446
213	455
213	484
214	219
214	220
214	221
214	240
214	256
214	259
214	260
214	272
214	312
214	320
214	331
214	334
214	356
214	366
214	375
214	400
214	453
214	471
214	475
214	493
214	495
215	216
215	230
215	238
215	242
215	243
215	247
215	283
215	285
215	292
215	299
215	312
215	317
215	324
215	338
215	350
215	385
215	386
215	393
215	399
215	400
215	401
215	408
215	413
215	425
215	430
215	436
215	449
215	454
215	492
215	494
216	239
216	259
216	281
216	306
216	322
216	328
216	336
216	342
216	344
216	347
216	352
216	353
216	362
216	382
216	388
216	402
216	409
216	420
216	421
216	422
216	436
216	445
216	499
217	221
217	229
217	239
217	240
217	244
217	265
217	271
217	272
217	275
217	282
217	283
217	305
217	318
217	322
217	323
217	326
217	329
217	349
217	358
217	375
217	379
217	380
217	399
217	413
217	444
217	445
217	458
217	482
217	486
217	492
217	494
217	497
218	256
218	275
218	283
218	284
218	285
218	304
218	318
218	326
218	332
218	409
218	421
218	422
218	427
218	430
218	431
218	432
218	452
218	459
218	464
218	476
218	489
219	240
219	241
219	251
219	260
219	263
219	272
219	295
219	302
219	311
219	329
219	331
219	333
219	402
219	404
219	413
219	424
219	429
219	430
219	437
219	452
219	458
219	484
219	488
220	224
220	236
220	240
220	242
220	245
220	272
220	276
220	279
220	286
220	297
220	303
220	309
220	313
220	321
220	342
220	345
220	347
220	360
220	365
220	366
220	383
220	388
220	398
220	441
220	444
220	445
220	458
220	463
220	466
220	477
220	485
220	493
221	225
221	226
221	236
221	248
221	259
221	261
221	264
221	289
221	324
221	356
221	357
221	363
221	368
221	381
221	384
221	386
221	389
221	391
221	393
221	399
221	412
221	413
221	438
221	440
221	457
221	465
221	466
221	476
221	482
221	485
221	497
222	226
222	238
222	257
222	265
222	267
222	269
222	276
222	302
222	310
222	313
222	322
222	336
222	337
222	354
222	355
222	378
222	391
222	392
222	393
222	404
222	405
222	420
222	421
222	426
222	428
222	429
222	431
222	439
222	465
222	474
222	479
222	484
223	246
223	298
223	306
223	315
223	327
223	340
223	351
223	353
223	354
223	363
223	368
223	384
223	388
223	392
223	395
223	400
223	411
223	425
223	426
223	436
223	437
223	438
223	456
223	457
223	463
223	466
223	493
224	228
224	231
224	234
224	245
224	247
224	252
224	261
224	269
224	281
224	308
224	311
224	313
224	315
224	332
224	336
224	349
224	356
224	357
224	358
224	371
224	376
224	378
224	384
224	399
224	408
224	409
224	410
224	417
224	419
224	422
224	428
224	436
224	444
224	447
224	450
224	460
225	240
225	267
225	282
225	295
225	319
225	329
225	334
225	347
225	353
225	354
225	379
225	392
225	397
225	421
225	427
225	440
225	444
225	458
225	463
225	471
225	489
225	494
225	497
226	230
226	241
226	244
226	264
226	273
226	274
226	283
226	303
226	313
226	345
226	397
226	411
226	424
226	428
226	429
226	430
226	433
226	435
226	443
226	449
226	450
226	469
226	472
226	483
226	486
227	230
227	236
227	244
227	251
227	253
227	265
227	272
227	279
227	289
227	298
227	307
227	310
227	315
227	331
227	340
227	354
227	355
227	390
227	391
227	392
227	412
227	434
227	444
227	453
227	463
227	465
227	469
227	472
227	476
227	480
227	488
227	495
228	229
228	234
228	239
228	242
228	275
228	280
228	286
228	299
228	306
228	313
228	329
228	338
228	339
228	342
228	365
228	366
228	368
228	370
228	382
228	384
228	407
228	429
228	434
228	442
228	456
228	460
228	465
228	487
228	491
229	233
229	238
229	255
229	257
229	265
229	267
229	269
229	271
229	279
229	280
229	283
229	287
229	314
229	333
229	345
229	360
229	363
229	389
229	399
229	434
229	441
229	455
229	460
229	466
229	473
229	476
229	480
229	485
229	486
230	240
230	244
230	246
230	248
230	256
230	257
230	258
230	260
230	269
230	270
230	273
230	274
230	294
230	298
230	300
230	307
230	318
230	329
230	341
230	347
230	350
230	354
230	355
230	371
230	374
230	379
230	390
230	396
230	426
230	428
230	433
230	434
230	439
230	467
230	476
230	485
230	492
231	234
231	281
231	285
231	289
231	295
231	327
231	353
231	360
231	362
231	370
231	389
231	393
231	402
231	404
231	405
231	406
231	417
231	431
231	435
231	461
231	469
231	478
231	486
231	491
231	492
232	233
232	253
232	263
232	268
232	289
232	311
232	316
232	329
232	336
232	345
232	351
232	352
232	354
232	368
232	408
232	409
232	417
232	421
232	435
232	437
232	440
232	441
232	442
232	475
232	479
232	494
233	255
233	256
233	275
233	283
233	290
233	291
233	316
233	317
233	319
233	338
233	342
233	346
233	350
233	358
233	373
233	374
233	383
233	388
233	408
233	412
233	425
233	455
233	460
233	461
233	465
233	468
233	474
233	491
233	492
233	494
234	243
234	263
234	290
234	311
234	326
234	343
234	352
234	362
234	373
234	376
234	388
234	403
234	422
234	426
234	429
234	436
234	453
234	457
234	458
234	466
234	490
235	236
235	263
235	300
235	301
235	313
235	333
235	340
235	349
235	353
235	356
235	375
235	381
235	388
235	395
235	411
235	414
235	424
235	450
235	456
235	464
236	240
236	248
236	262
236	289
236	298
236	306
236	309
236	341
236	356
236	383
236	411
236	420
236	428
236	441
236	442
236	448
236	453
236	485
236	490
236	497
237	240
237	264
237	266
237	275
237	282
237	300
237	302
237	303
237	311
237	318
237	319
237	342
237	348
237	352
237	359
237	438
237	443
237	447
237	451
237	456
237	469
237	475
237	476
237	481
237	482
237	485
237	491
237	492
238	278
238	301
238	303
238	309
238	313
238	316
238	322
238	331
238	338
238	342
238	349
238	351
238	358
238	364
238	367
238	370
238	374
238	381
238	386
238	391
238	416
238	417
238	420
238	424
238	428
238	446
238	450
238	471
238	475
238	488
238	494
239	258
239	265
239	271
239	287
239	303
239	306
239	307
239	308
239	315
239	317
239	333
239	346
239	348
239	349
239	376
239	381
239	384
239	391
239	403
239	404
239	416
239	432
239	434
239	437
239	438
239	462
239	468
239	491
240	249
240	254
240	298
240	302
240	331
240	346
240	366
240	370
240	375
240	383
240	403
240	434
240	438
240	478
240	496
241	276
241	305
241	308
241	325
241	329
241	330
241	350
241	351
241	364
241	371
241	375
241	399
241	415
241	422
241	424
241	437
241	447
241	449
241	467
241	478
241	483
242	263
242	265
242	276
242	298
242	302
242	303
242	310
242	338
242	343
242	350
242	353
242	359
242	372
242	386
242	395
242	401
242	403
242	422
242	438
242	442
242	450
242	455
242	462
242	473
242	487
242	499
243	252
243	258
243	267
243	278
243	283
243	296
243	304
243	318
243	334
243	361
243	363
243	369
243	374
243	385
243	388
243	423
243	430
243	434
243	448
243	472
243	482
243	486
244	270
244	272
244	274
244	281
244	285
244	293
244	296
244	304
244	312
244	313
244	321
244	325
244	335
244	336
244	350
244	351
244	354
244	357
244	361
244	364
244	371
244	375
244	376
244	387
244	394
244	399
244	421
244	428
244	433
244	443
244	447
244	448
244	490
244	495
245	246
245	269
245	290
245	291
245	294
245	295
245	299
245	303
245	316
245	365
245	371
245	374
245	386
245	387
245	410
245	422
245	462
245	467
245	486
245	487
245	495
246	277
246	281
246	287
246	292
246	299
246	329
246	345
246	348
246	350
246	359
246	362
246	381
246	386
246	402
246	412
246	422
246	430
246	446
246	448
246	449
246	452
246	453
246	457
246	464
246	466
246	486
246	489
246	498
247	251
247	263
247	265
247	266
247	293
247	301
247	304
247	314
247	334
247	335
247	336
247	340
247	341
247	361
247	362
247	376
247	392
247	399
247	405
247	412
247	417
247	418
247	421
247	427
247	433
247	435
247	457
247	459
247	462
247	474
247	482
247	484
247	485
247	490
247	497
248	250
248	279
248	288
248	289
248	291
248	294
248	319
248	320
248	327
248	355
248	362
248	364
248	368
248	374
248	378
248	384
248	407
248	408
248	420
248	428
248	443
248	446
248	452
248	457
248	458
248	464
248	468
248	472
248	474
248	475
249	256
249	291
249	298
249	312
249	325
249	344
249	356
249	360
249	367
249	394
249	395
249	399
249	408
249	409
249	428
249	429
249	439
249	447
249	465
249	497
250	253
250	264
250	271
250	286
250	292
250	304
250	316
250	333
250	334
250	339
250	343
250	344
250	349
250	355
250	356
250	387
250	398
250	401
250	423
250	429
250	434
250	438
250	440
250	456
250	472
250	474
250	478
250	499
251	263
251	282
251	294
251	295
251	300
251	312
251	315
251	316
251	320
251	338
251	346
251	369
251	371
251	378
251	392
251	402
251	405
251	421
251	434
251	435
251	455
251	465
251	469
251	476
251	477
251	481
251	499
252	269
252	271
252	273
252	282
252	286
252	294
252	308
252	312
252	330
252	331
252	350
252	369
252	397
252	400
252	424
252	428
252	456
252	468
252	470
252	485
252	498
253	263
253	275
253	284
253	289
253	295
253	305
253	322
253	324
253	336
253	340
253	342
253	357
253	359
253	374
253	380
253	382
253	391
253	393
253	399
253	405
253	414
253	418
253	426
253	429
253	439
253	443
253	455
253	458
253	464
253	470
253	492
254	278
254	286
254	291
254	334
254	336
254	372
254	406
254	410
254	423
254	424
254	428
254	432
254	436
254	449
254	454
254	463
254	464
254	465
254	469
254	484
254	486
254	492
254	493
254	498
254	499
255	259
255	266
255	284
255	303
255	321
255	325
255	344
255	349
255	351
255	382
255	384
255	388
255	421
255	453
255	454
255	466
255	476
256	264
256	265
256	268
256	285
256	286
256	289
256	301
256	309
256	312
256	321
256	344
256	345
256	357
256	364
256	373
256	375
256	377
256	378
256	400
256	421
256	422
256	423
256	425
256	428
256	435
256	462
256	474
256	492
257	272
257	273
257	279
257	285
257	288
257	292
257	296
257	322
257	327
257	332
257	333
257	340
257	344
257	348
257	378
257	395
257	404
257	421
257	431
257	433
257	435
257	438
257	445
257	460
257	461
257	465
257	471
257	499
258	277
258	283
258	287
258	293
258	295
258	310
258	314
258	322
258	359
258	368
258	389
258	445
258	453
258	461
258	469
258	483
258	485
258	496
258	497
259	266
259	285
259	286
259	288
259	289
259	290
259	299
259	309
259	310
259	327
259	332
259	348
259	352
259	356
259	368
259	369
259	380
259	382
259	388
259	390
259	398
259	442
259	445
259	452
259	475
259	493
260	270
260	272
260	292
260	299
260	302
260	321
260	325
260	339
260	343
260	347
260	361
260	373
260	385
260	407
260	433
260	439
260	466
260	471
260	482
260	489
260	490
260	494
261	263
261	271
261	288
261	310
261	324
261	325
261	327
261	335
261	391
261	395
261	407
261	410
261	414
261	431
261	439
261	444
261	451
261	463
261	468
261	488
261	497
262	271
262	273
262	278
262	291
262	310
262	312
262	331
262	338
262	342
262	350
262	352
262	370
262	384
262	391
262	398
262	413
262	417
262	425
262	434
262	436
262	454
262	461
262	462
262	473
262	474
262	489
262	491
263	268
263	275
263	276
263	279
263	282
263	321
263	326
263	341
263	347
263	348
263	351
263	374
263	381
263	398
263	399
263	408
263	409
263	420
263	421
263	423
263	440
263	445
263	453
263	454
263	467
263	475
263	494
264	269
264	273
264	290
264	325
264	343
264	344
264	360
264	365
264	374
264	392
264	398
264	400
264	422
264	432
264	443
264	457
264	464
264	471
264	482
265	266
265	269
265	273
265	276
265	277
265	291
265	297
265	316
265	327
265	343
265	351
265	364
265	367
265	377
265	387
265	403
265	423
265	438
265	446
265	447
265	452
265	453
265	460
265	472
265	485
265	487
265	496
265	497
265	499
266	276
266	298
266	305
266	310
266	312
266	323
266	327
266	332
266	338
266	348
266	359
266	367
266	377
266	389
266	392
266	402
266	435
266	445
266	449
266	451
266	462
267	287
267	299
267	300
267	302
267	313
267	322
267	328
267	339
267	346
267	353
267	358
267	363
267	405
267	414
267	443
267	451
267	466
267	470
267	492
267	495
267	498
268	293
268	298
268	323
268	333
268	338
268	348
268	351
268	360
268	379
268	390
268	391
268	395
268	396
268	411
268	412
268	415
268	418
268	423
268	427
268	428
268	440
268	456
268	473
268	484
268	492
268	495
268	498
269	278
269	290
269	291
269	297
269	301
269	306
269	312
269	320
269	321
269	331
269	341
269	342
269	343
269	357
269	363
269	369
269	380
269	381
269	400
269	404
269	407
269	447
269	452
269	460
269	473
269	487
270	292
270	297
270	305
270	315
270	332
270	351
270	358
270	363
270	372
270	373
270	385
270	388
270	414
270	429
270	432
270	434
270	438
270	456
270	464
270	469
270	470
270	472
270	474
270	476
270	479
271	281
271	294
271	305
271	311
271	312
271	322
271	325
271	329
271	348
271	372
271	391
271	402
271	411
271	417
271	437
271	448
271	449
271	456
271	458
271	472
271	481
271	486
271	488
272	275
272	278
272	294
272	296
272	297
272	312
272	324
272	328
272	329
272	332
272	347
272	390
272	393
272	398
272	402
272	403
272	406
272	414
272	418
272	419
272	420
272	443
272	450
272	456
272	465
272	476
272	477
272	478
272	493
273	278
273	281
273	296
273	297
273	310
273	342
273	351
273	361
273	364
273	391
273	393
273	400
273	431
273	443
273	472
273	481
273	487
273	491
273	492
273	495
273	498
274	286
274	291
274	300
274	305
274	307
274	309
274	328
274	330
274	331
274	340
274	364
274	367
274	370
274	371
274	379
274	381
274	390
274	411
274	425
274	428
274	432
274	452
274	463
274	471
274	476
274	488
274	498
274	499
275	276
275	287
275	289
275	295
275	318
275	332
275	333
275	341
275	343
275	347
275	352
275	355
275	356
275	431
275	434
275	443
275	448
275	456
275	460
275	469
275	487
275	494
276	277
276	284
276	295
276	298
276	299
276	341
276	347
276	359
276	383
276	395
276	414
276	423
276	439
276	449
276	451
276	478
276	479
276	483
276	494
276	499
277	282
277	284
277	303
277	304
277	314
277	319
277	330
277	334
277	338
277	340
277	343
277	347
277	350
277	359
277	366
277	373
277	376
277	394
277	397
277	401
277	404
277	410
277	426
277	437
277	441
277	446
277	448
277	461
277	469
277	480
277	486
277	497
278	303
278	329
278	338
278	339
278	344
278	392
278	396
278	405
278	452
278	453
278	474
278	492
278	496
278	497
279	284
279	287
279	288
279	297
279	300
279	328
279	374
279	381
279	382
279	387
279	388
279	392
279	408
279	424
279	435
279	442
279	444
279	446
279	460
279	463
279	473
279	482
279	492
279	494
279	499
280	282
280	286
280	292
280	303
280	305
280	307
280	309
280	313
280	317
280	318
280	372
280	374
280	383
280	402
280	428
280	434
280	447
280	452
280	455
280	462
280	466
280	469
280	474
280	483
280	492
281	285
281	292
281	293
281	313
281	342
281	358
281	377
281	381
281	419
281	421
281	427
281	441
281	464
281	465
281	467
281	468
281	469
281	492
282	290
282	307
282	310
282	315
282	317
282	321
282	323
282	329
282	336
282	340
282	350
282	357
282	367
282	369
282	390
282	403
282	417
282	423
282	443
282	461
282	471
282	483
282	485
282	487
282	498
283	290
283	292
283	293
283	299
283	300
283	305
283	308
283	309
283	312
283	316
283	324
283	330
283	344
283	357
283	392
283	394
283	395
283	399
283	405
283	412
283	428
283	451
283	468
283	470
283	484
283	497
284	296
284	298
284	300
284	306
284	310
284	321
284	328
284	334
284	371
284	380
284	383
284	387
284	389
284	403
284	423
284	428
284	448
284	459
284	467
284	473
284	475
284	482
284	499
285	287
285	293
285	305
285	355
285	365
285	374
285	375
285	403
285	415
285	431
285	433
285	441
285	442
285	443
285	447
285	471
285	472
285	473
285	474
285	480
286	303
286	313
286	323
286	327
286	333
286	339
286	355
286	364
286	380
286	385
286	393
286	400
286	401
286	421
286	425
286	426
286	429
286	433
286	436
286	440
286	451
286	491
287	291
287	298
287	301
287	306
287	308
287	317
287	327
287	328
287	331
287	336
287	347
287	348
287	355
287	361
287	373
287	379
287	382
287	406
287	420
287	442
287	478
287	491
287	497
288	307
288	316
288	333
288	346
288	349
288	365
288	373
288	391
288	393
288	397
288	400
288	403
288	405
288	409
288	417
288	421
288	423
288	432
288	444
288	457
288	461
288	464
289	295
289	300
289	305
289	320
289	325
289	328
289	330
289	353
289	354
289	373
289	393
289	396
289	447
289	450
289	457
289	458
289	486
289	493
289	496
290	296
290	300
290	319
290	329
290	354
290	359
290	368
290	377
290	406
290	410
290	428
290	441
290	449
290	459
290	464
290	467
290	469
290	475
291	297
291	312
291	332
291	335
291	344
291	359
291	362
291	374
291	385
291	389
291	394
291	405
291	421
291	424
291	430
291	434
291	436
291	479
292	297
292	314
292	332
292	333
292	334
292	349
292	356
292	359
292	371
292	386
292	389
292	402
292	411
292	414
292	418
292	420
292	421
292	439
292	450
292	460
292	465
292	468
292	473
292	498
293	330
293	373
293	374
293	376
293	379
293	385
293	397
293	400
293	403
293	404
293	405
293	431
293	456
293	490
293	492
293	495
294	297
294	299
294	309
294	311
294	324
294	326
294	341
294	344
294	372
294	401
294	402
294	403
294	404
294	408
294	419
294	423
294	429
294	451
294	453
294	454
294	461
294	471
294	481
294	486
295	297
295	298
295	317
295	324
295	327
295	341
295	352
295	374
295	393
295	396
295	400
295	405
295	414
295	417
295	420
295	426
295	430
295	445
295	452
295	469
296	297
296	298
296	305
296	317
296	336
296	356
296	385
296	386
296	408
296	409
296	415
296	416
296	461
296	469
296	470
296	474
296	482
296	485
296	498
297	299
297	312
297	321
297	335
297	349
297	351
297	372
297	375
297	377
297	386
297	395
297	399
297	402
297	405
297	429
297	447
297	461
297	472
297	494
297	495
298	305
298	312
298	314
298	325
298	345
298	363
298	396
298	400
298	408
298	409
298	427
298	429
298	449
298	450
298	452
298	458
298	465
298	487
299	305
299	318
299	341
299	350
299	372
299	380
299	391
299	398
299	401
299	418
299	436
299	441
299	448
299	449
299	450
299	451
299	454
299	456
299	464
299	469
299	479
300	309
300	310
300	318
300	335
300	345
300	370
300	376
300	403
300	404
300	414
300	423
300	448
300	458
300	467
300	485
300	491
301	305
301	318
301	320
301	322
301	328
301	329
301	337
301	342
301	374
301	384
301	387
301	389
301	391
301	400
301	409
301	417
301	422
301	442
301	444
301	446
301	448
301	450
301	454
301	463
301	470
301	479
301	480
301	487
302	311
302	316
302	323
302	347
302	354
302	363
302	378
302	386
302	388
302	412
302	414
302	419
302	422
302	427
302	436
302	437
302	443
302	449
302	455
302	466
302	495
303	309
303	311
303	320
303	337
303	340
303	352
303	361
303	371
303	378
303	405
303	407
303	412
303	414
303	427
303	445
303	447
303	451
303	478
303	494
303	496
304	321
304	349
304	352
304	355
304	365
304	366
304	378
304	381
304	409
304	412
304	426
304	429
304	436
304	447
304	448
304	451
304	454
304	473
304	476
304	478
304	482
304	484
304	487
305	310
305	315
305	316
305	331
305	336
305	341
305	377
305	380
305	391
305	393
305	404
305	416
305	435
305	436
305	460
305	472
305	480
305	491
305	493
306	307
306	317
306	357
306	361
306	366
306	383
306	390
306	393
306	402
306	407
306	408
306	410
306	415
306	447
306	458
306	460
306	462
306	463
306	476
307	313
307	314
307	345
307	366
307	383
307	389
307	407
307	418
307	429
307	448
307	459
307	481
307	490
308	327
308	334
308	335
308	340
308	343
308	358
308	361
308	371
308	380
308	393
308	409
308	426
308	462
309	312
309	313
309	314
309	320
309	354
309	360
309	367
309	382
309	386
309	390
309	392
309	397
309	404
309	417
309	426
309	433
309	436
309	440
309	447
309	462
309	467
309	476
309	482
309	483
309	484
310	318
310	333
310	336
310	337
310	365
310	368
310	378
310	412
310	413
310	418
310	421
310	444
310	446
310	467
310	479
310	485
311	323
311	331
311	336
311	345
311	347
311	349
311	365
311	366
311	369
311	396
311	428
311	432
311	434
311	453
311	468
311	469
311	475
311	478
311	479
312	330
312	331
312	339
312	345
312	350
312	353
312	369
312	372
312	384
312	385
312	386
312	393
312	398
312	399
312	406
312	422
312	427
312	431
312	461
312	463
312	489
312	494
313	338
313	348
313	363
313	376
313	379
313	384
313	403
313	410
313	413
313	417
313	432
313	433
313	434
313	447
313	450
313	452
313	453
313	466
313	474
313	482
313	488
313	495
314	316
314	317
314	340
314	356
314	390
314	398
314	406
314	432
314	447
314	456
314	458
314	484
315	322
315	343
315	349
315	357
315	372
315	377
315	383
315	389
315	401
315	415
315	422
315	429
315	434
315	439
315	442
315	449
315	455
316	322
316	324
316	330
316	344
316	353
316	357
316	360
316	362
316	371
316	379
316	403
316	412
316	414
316	415
316	424
316	451
316	452
316	481
317	323
317	326
317	330
317	346
317	350
317	355
317	356
317	378
317	397
317	407
317	439
317	447
317	461
317	463
317	464
317	469
317	475
317	486
318	324
318	359
318	366
318	370
318	375
318	384
318	387
318	397
318	401
318	431
318	437
318	454
318	474
318	478
318	490
319	335
319	340
319	357
319	377
319	380
319	390
319	396
319	412
319	418
319	422
319	428
319	462
319	464
319	499
320	336
320	358
320	361
320	367
320	394
320	410
320	413
320	429
320	433
320	478
321	322
321	332
321	349
321	371
321	380
321	387
321	399
321	401
321	412
321	413
321	426
321	444
321	445
321	463
321	465
321	478
321	482
321	487
321	494
322	331
322	346
322	354
322	371
322	378
322	380
322	398
322	408
322	416
322	422
322	433
322	439
322	451
322	477
322	481
322	491
322	492
323	334
323	340
323	343
323	348
323	354
323	371
323	379
323	381
323	407
323	415
323	423
323	446
323	452
323	453
323	454
323	458
323	468
323	475
323	482
323	486
323	488
324	326
324	331
324	361
324	362
324	367
324	368
324	374
324	384
324	409
324	418
324	423
324	430
324	437
324	447
324	448
324	453
324	454
324	495
324	497
324	499
325	330
325	339
325	360
325	375
325	376
325	384
325	398
325	403
325	410
325	413
325	422
325	442
325	476
325	484
326	339
326	340
326	367
326	369
326	370
326	376
326	388
326	406
326	409
326	414
326	443
326	458
326	467
326	472
326	482
326	492
327	341
327	353
327	363
327	364
327	377
327	391
327	407
327	408
327	413
327	417
327	426
327	429
327	453
327	457
327	463
327	467
327	496
328	339
328	347
328	352
328	353
328	357
328	372
328	423
328	428
328	459
328	469
328	474
328	476
328	487
328	494
328	497
329	343
329	349
329	353
329	358
329	361
329	368
329	380
329	402
329	405
329	411
329	415
329	417
329	428
329	430
329	433
329	436
329	444
329	450
329	462
329	486
329	488
329	497
330	331
330	342
330	363
330	375
330	387
330	394
330	398
330	409
330	417
330	420
330	438
330	448
330	477
330	479
330	497
331	336
331	352
331	372
331	377
331	395
331	415
331	416
331	417
331	421
331	433
331	450
331	452
331	453
331	464
331	465
331	472
331	493
332	346
332	362
332	375
332	396
332	402
332	405
332	406
332	417
332	426
332	435
332	445
332	447
332	450
332	452
332	463
332	478
332	479
332	489
332	492
332	494
332	497
333	343
333	346
333	353
333	379
333	380
333	399
333	401
333	414
333	415
333	416
333	423
333	430
333	443
333	448
333	459
333	466
333	469
333	473
333	484
334	350
334	358
334	371
334	406
334	409
334	410
334	415
334	419
334	431
334	438
334	463
334	470
334	478
334	479
334	480
334	482
334	487
334	491
334	496
334	497
335	353
335	355
335	360
335	365
335	376
335	402
335	403
335	421
335	422
335	424
335	425
335	437
335	453
335	460
335	466
335	480
335	489
335	490
335	491
335	498
336	341
336	346
336	350
336	352
336	357
336	363
336	369
336	371
336	372
336	373
336	385
336	414
336	419
336	435
336	447
336	453
336	459
336	461
336	463
336	499
337	344
337	347
337	350
337	354
337	364
337	370
337	380
337	390
337	391
337	392
337	400
337	409
337	432
337	441
337	456
337	468
338	339
338	355
338	357
338	377
338	379
338	389
338	409
338	413
338	414
338	419
338	429
338	431
338	435
338	437
338	450
338	453
338	462
338	463
338	469
338	476
338	487
338	493
338	495
339	341
339	350
339	375
339	379
339	380
339	382
339	384
339	406
339	416
339	439
339	451
339	461
340	356
340	375
340	377
340	380
340	382
340	383
340	395
340	404
340	422
340	429
340	432
340	449
340	451
340	452
340	455
340	465
340	469
340	482
341	344
341	397
341	403
341	413
341	428
341	431
341	432
341	439
341	449
341	454
341	462
341	464
341	465
341	467
341	476
341	482
342	346
342	350
342	354
342	366
342	375
342	376
342	384
342	398
342	415
342	416
342	417
342	428
342	432
342	440
342	443
342	454
342	455
342	467
342	468
342	474
342	497
343	346
343	352
343	366
343	375
343	378
343	393
343	396
343	400
343	407
343	410
343	414
343	426
343	429
343	448
343	452
343	462
343	470
343	471
343	472
343	474
344	350
344	355
344	357
344	360
344	374
344	382
344	395
344	412
344	413
344	414
344	422
344	429
344	449
344	461
344	468
345	351
345	353
345	358
345	361
345	377
345	408
345	414
345	422
345	424
345	428
345	432
345	453
345	455
345	484
345	490
346	355
346	359
346	361
346	365
346	367
346	371
346	389
346	414
346	422
346	427
346	433
346	435
346	437
346	449
346	450
346	451
346	458
346	466
346	468
346	469
346	475
346	477
346	497
347	348
347	349
347	358
347	371
347	373
347	377
347	382
347	391
347	394
347	412
347	415
347	425
347	439
347	446
347	463
347	469
347	483
348	356
348	363
348	377
348	381
348	398
348	401
348	416
348	429
348	455
348	456
348	471
348	476
348	490
348	492
348	494
349	350
349	363
349	383
349	397
349	425
349	449
349	452
349	453
349	455
349	478
349	481
349	485
349	491
349	495
349	499
350	352
350	365
350	384
350	394
350	401
350	419
350	441
350	490
350	493
351	356
351	375
351	405
351	413
351	422
351	425
351	444
351	449
351	458
351	459
351	466
351	469
351	486
351	492
352	359
352	366
352	381
352	386
352	397
352	411
352	424
352	432
352	433
352	436
352	437
352	444
352	448
352	473
352	475
352	478
352	480
352	481
353	360
353	363
353	370
353	377
353	405
353	420
353	433
353	434
353	443
353	469
353	473
353	488
354	361
354	371
354	391
354	393
354	400
354	401
354	446
354	448
354	453
354	455
354	465
354	473
354	484
354	486
354	494
355	356
355	368
355	382
355	385
355	407
355	409
355	415
355	420
355	452
355	465
355	471
355	472
355	475
355	482
355	486
356	372
356	375
356	376
356	407
356	441
356	444
356	447
356	460
356	461
356	475
356	486
356	490
356	499
357	392
357	408
357	417
357	422
357	425
357	434
357	466
357	467
357	475
357	477
357	482
357	493
358	359
358	361
358	394
358	396
358	405
358	412
358	426
358	427
358	432
358	433
358	441
358	442
358	453
358	462
358	469
358	472
358	479
359	361
359	366
359	369
359	372
359	379
359	382
359	388
359	389
359	396
359	406
359	419
359	432
359	434
359	449
359	498
360	363
360	366
360	396
360	409
360	412
360	414
360	418
360	432
360	442
360	451
360	454
360	455
360	466
360	468
360	477
360	493
361	366
361	367
361	368
361	374
361	396
361	400
361	405
361	409
361	413
361	421
361	423
361	453
361	464
361	485
361	489
361	490
361	491
362	382
362	385
362	408
362	420
362	427
362	433
362	434
362	443
362	446
362	478
362	483
362	484
362	490
363	367
363	390
363	420
363	423
363	426
363	432
363	436
363	440
363	441
363	444
363	445
363	449
363	461
363	474
363	482
363	487
363	494
363	495
363	496
364	365
364	386
364	414
364	419
364	429
364	431
364	440
364	441
364	454
364	456
364	480
364	485
364	486
364	487
365	367
365	377
365	378
365	390
365	400
365	402
365	414
365	430
365	441
365	448
365	451
365	467
365	471
365	473
365	487
366	382
366	394
366	402
366	416
366	433
366	434
366	446
366	449
366	452
366	461
366	477
366	486
367	380
367	384
367	389
367	394
367	395
367	404
367	411
367	427
367	443
367	453
367	454
367	460
367	465
367	469
367	499
368	377
368	379
368	387
368	396
368	402
368	407
368	413
368	415
368	422
368	430
368	431
368	439
368	463
368	466
368	479
368	490
368	496
369	370
369	372
369	389
369	391
369	406
369	448
369	474
369	478
369	487
369	489
370	385
370	387
370	408
370	414
370	415
370	421
370	432
370	446
370	463
370	469
370	488
371	382
371	410
371	413
371	418
371	426
371	436
371	451
371	458
371	459
371	488
372	377
372	389
372	392
372	414
372	436
372	440
372	447
372	449
372	466
372	468
372	486
372	496
373	378
373	394
373	406
373	408
373	411
373	428
373	432
373	436
373	440
373	456
373	473
373	492
373	497
374	399
374	405
374	474
374	499
375	397
375	402
375	417
375	432
375	455
375	463
375	491
376	387
376	404
376	413
376	415
376	422
376	424
376	427
376	428
376	468
376	469
376	470
376	477
377	381
377	411
377	418
377	428
377	433
377	434
377	437
377	454
377	467
377	468
377	475
377	486
377	494
377	496
378	379
378	382
378	385
378	401
378	440
378	449
378	459
378	460
378	485
378	492
378	496
379	381
379	398
379	402
379	415
379	417
379	427
379	430
379	435
379	440
379	442
379	444
379	477
379	487
379	498
380	392
380	411
380	433
380	442
380	445
380	451
380	455
380	460
380	464
380	465
380	469
380	472
380	483
380	486
380	490
381	388
381	394
381	405
381	412
381	429
381	439
381	443
381	464
381	471
381	498
382	408
382	412
382	416
382	417
382	438
382	451
382	469
382	470
382	477
382	489
382	491
383	410
383	411
383	413
383	423
383	426
383	435
383	469
383	472
383	475
383	483
383	490
383	495
384	385
384	400
384	415
384	424
384	426
384	434
384	443
384	471
384	485
385	395
385	397
385	408
385	426
385	427
385	435
385	440
385	453
385	466
386	391
386	393
386	394
386	400
386	402
386	433
386	437
386	444
386	451
386	453
386	455
386	459
386	468
386	469
386	477
386	491
386	494
387	417
387	430
387	437
387	458
387	464
387	468
387	476
387	486
387	491
388	391
388	417
388	421
388	429
388	434
388	438
388	455
388	493
388	498
389	393
389	426
389	431
389	447
389	452
389	478
390	402
390	404
390	408
390	411
390	434
390	440
390	456
390	465
390	468
390	478
391	401
391	416
391	419
391	422
391	429
391	431
391	446
391	461
391	471
391	477
391	484
391	490
391	491
392	394
392	405
392	408
392	411
392	436
392	443
392	446
392	465
392	496
393	406
393	428
393	431
393	461
393	466
393	482
393	495
394	417
394	423
394	428
394	471
394	473
394	475
394	480
395	397
395	398
395	415
395	416
395	430
395	444
395	452
395	480
395	486
396	406
396	415
396	425
396	432
396	461
396	470
396	484
396	490
396	492
396	493
396	495
397	398
397	418
397	425
397	454
397	474
397	476
397	483
397	485
397	492
398	404
398	412
398	424
398	428
398	435
398	438
398	445
398	450
398	452
398	482
398	491
398	493
399	408
399	416
399	419
399	424
399	431
399	442
399	444
399	450
399	459
399	463
399	485
399	486
400	409
400	417
400	418
400	424
400	425
400	432
400	435
400	444
400	481
400	494
401	408
401	411
401	413
401	414
401	419
401	421
401	431
401	440
401	446
401	457
401	465
401	468
401	473
402	434
402	436
402	437
402	438
402	445
402	492
402	495
402	498
403	449
403	464
403	477
403	479
403	483
403	485
404	433
404	434
404	441
404	446
404	462
404	468
404	469
404	481
404	496
404	497
404	498
405	406
405	439
405	442
405	449
405	452
405	455
405	463
405	465
405	481
405	495
406	412
406	418
406	439
406	447
406	456
406	457
406	461
406	464
406	466
406	467
406	472
406	477
407	409
407	424
407	436
407	448
407	450
407	452
407	467
407	468
407	476
407	483
407	496
407	499
408	438
408	444
408	467
408	480
408	485
408	486
409	410
409	431
409	434
409	452
409	457
409	470
409	475
409	484
410	411
410	422
410	423
410	429
410	437
410	441
410	444
410	445
410	451
410	456
410	464
410	465
410	483
410	487
410	488
411	414
411	432
411	454
411	464
411	473
411	486
411	487
411	489
412	415
412	456
412	464
412	465
412	467
412	470
412	480
412	484
412	487
413	423
413	446
413	484
413	491
413	498
414	421
414	443
414	444
414	451
414	471
414	475
414	478
414	487
414	488
414	491
415	418
415	428
415	432
415	433
415	437
415	482
415	489
415	498
416	419
416	420
416	431
416	436
416	439
416	446
416	455
416	460
416	474
416	482
416	490
416	499
417	419
417	427
417	430
417	457
417	461
417	486
418	425
418	426
418	432
418	442
418	462
418	469
418	472
418	490
418	497
419	420
419	428
419	429
419	433
419	453
419	470
419	483
420	450
420	452
420	463
420	466
420	482
420	495
421	431
421	434
421	446
421	467
421	476
421	484
421	489
421	499
422	427
422	431
422	439
422	454
422	468
422	474
422	475
422	478
422	480
422	484
422	485
424	425
424	434
424	436
424	438
424	450
424	451
424	454
424	468
424	470
424	481
424	497
425	433
425	443
425	469
425	471
425	481
425	494
425	495
425	498
426	427
426	436
426	460
426	474
426	479
426	483
426	490
426	494
426	499
427	439
427	449
427	468
427	474
427	493
427	499
428	429
428	432
428	443
428	444
428	457
428	461
428	463
428	465
428	466
428	478
428	485
429	440
429	443
429	452
429	455
429	471
429	481
429	485
430	437
430	444
430	458
430	463
430	466
430	469
430	480
431	448
431	449
431	450
431	455
431	463
431	478
431	481
431	484
431	489
431	495
432	438
432	445
432	451
432	454
432	461
432	473
432	495
433	462
433	471
433	474
433	495
434	438
434	443
434	444
434	455
434	458
434	487
434	495
435	443
435	455
435	461
435	467
435	474
435	478
435	482
435	484
435	488
436	458
436	473
436	490
437	439
437	446
437	449
437	450
437	453
437	465
437	467
437	487
437	493
438	448
438	465
438	466
438	468
438	475
438	486
438	487
438	494
439	449
439	453
439	474
439	479
439	482
439	485
440	443
440	459
440	463
440	492
440	493
440	497
440	498
441	452
441	459
441	464
441	472
441	477
441	483
441	485
441	491
442	447
442	487
442	492
443	446
443	449
443	450
443	454
443	466
443	468
443	471
443	484
443	488
443	495
443	498
444	456
444	464
444	470
444	491
444	495
445	447
445	455
445	465
445	466
445	473
445	483
445	485
445	486
446	465
446	472
446	474
446	475
446	476
446	481
446	497
447	452
447	462
447	470
447	477
447	478
447	481
447	495
448	454
448	457
448	465
448	476
448	479
448	494
449	453
449	469
449	481
449	483
450	462
450	463
450	466
450	473
451	454
451	459
451	462
451	470
452	463
452	464
452	466
452	482
452	493
452	498
453	460
453	461
453	492
453	497
454	463
454	482
454	483
455	481
455	485
455	493
456	464
456	465
456	495
457	479
457	492
457	493
458	462
458	466
458	483
459	461
459	462
459	469
459	487
460	464
460	465
460	476
460	479
461	474
461	498
462	467
462	488
463	464
463	467
463	473
463	476
463	480
464	468
464	471
464	487
465	482
465	498
466	473
466	485
467	483
467	485
467	489
467	497
468	484
468	487
470	474
471	481
471	492
472	481
472	487
473	492
474	491
475	483
475	493
475	495
475	497
475	499
476	493
477	481
477	482
477	496
477	498
478	483
478	499
479	480
479	488
479	493
479	497
481	485
482	490
482	499
483	491
484	493
484	494
484	497
486	487
486	488
486	492
488	494
491	499
492	494
496	497
496	498
496	499
