332	2126
0	1
2	3
4	5
6	1
7	8
9	10
11	12
13	4
8	6
14	15
16	17
4	1
18	19
2	20
21	22
23	24
25	26
6	27
28	29
30	31
32	33
34	6
35	5
36	37
38	8
18	39
40	41
42	43
44	45
46	47
48	49
50	6
18	49
51	0
52	53
54	55
56	2
29	10
16	54
57	58
2	59
16	60
51	22
44	18
9	61
62	63
64	65
36	6
13	12
9	42
66	67
8	18
11	6
68	11
69	35
54	42
40	70
71	72
9	73
4	74
9	37
24	31
72	35
75	72
76	30
16	77
78	79
62	29
37	80
81	18
73	82
57	83
84	85
16	86
12	18
81	87
46	88
8	67
40	30
33	80
4	89
4	10
49	30
90	91
45	18
40	9
18	92
0	30
93	4
36	0
94	95
72	96
38	97
98	99
48	15
100	45
16	101
102	20
4	103
35	104
0	6
39	79
36	97
31	105
99	49
89	15
97	87
106	8
87	47
104	5
83	20
44	80
16	107
40	108
98	109
100	6
110	111
112	113
4	104
9	89
1	114
44	87
14	37
16	115
42	29
17	116
117	45
9	2
8	118
46	81
5	119
40	36
120	20
121	49
72	87
5	122
123	124
46	12
78	49
125	104
20	10
42	1
126	127
72	128
129	109
54	37
9	130
11	31
14	59
16	26
104	20
2	29
101	15
4	14
7	24
25	86
131	31
132	133
35	49
16	12
125	20
44	12
97	31
40	81
8	31
44	37
4	54
54	134
16	0
45	135
130	20
4	117
112	20
11	136
137	59
24	138
131	139
0	140
48	44
16	141
21	18
121	142
37	5
108	24
0	133
68	8
143	18
95	144
8	145
81	123
30	79
64	146
72	147
137	29
148	149
18	6
46	14
18	150
151	152
152	119
134	49
12	47
45	49
153	6
0	18
16	21
154	155
156	30
40	31
78	70
157	72
158	61
159	49
37	84
54	160
81	36
161	6
98	49
162	12
95	150
108	48
83	58
95	163
164	149
113	99
95	0
123	95
2	30
95	97
46	79
40	38
42	165
150	49
72	18
166	0
102	2
15	84
123	25
118	34
76	6
38	22
101	25
95	15
16	160
29	83
44	17
159	6
95	167
95	6
6	150
48	36
56	168
40	138
18	74
108	25
8	138
169	32
16	89
93	141
40	24
123	68
18	121
46	40
170	112
93	71
18	156
171	95
136	132
160	8
51	18
16	172
34	92
30	80
8	12
102	173
28	20
76	42
52	174
74	84
48	6
6	175
16	176
9	110
16	97
125	35
46	70
150	131
46	22
134	31
177	178
138	49
70	0
95	114
81	165
8	25
179	95
46	123
40	180
6	139
181	40
56	20
72	182
183	135
48	165
36	184
16	185
186	29
176	30
78	15
11	124
22	6
187	6
18	20
4	131
31	17
0	114
22	0
111	149
48	144
6	188
49	20
78	165
72	89
143	15
54	39
9	182
137	104
112	182
21	189
12	84
42	73
4	72
11	30
18	84
123	144
72	162
24	2
190	135
24	25
58	191
66	192
36	193
48	156
36	72
194	6
16	195
73	147
196	95
197	135
4	198
47	31
48	45
10	199
8	156
81	4
35	18
95	189
200	135
36	39
48	12
6	87
103	37
54	72
95	42
95	201
40	68
2	8
16	94
187	29
131	85
41	25
9	59
77	202
203	204
8	104
68	30
42	176
92	205
94	0
143	4
203	135
78	144
81	37
52	206
49	31
94	18
40	207
128	208
16	11
9	35
6	17
42	104
8	132
6	5
44	84
95	22
49	87
101	104
6	138
108	87
202	7
95	101
40	114
71	141
181	95
101	59
137	45
4	37
45	152
12	45
95	162
70	160
195	6
187	137
44	1
48	25
4	18
99	138
38	18
38	17
48	105
4	24
36	45
209	25
112	130
16	135
45	147
72	49
130	148
11	37
13	49
16	9
78	31
16	210
9	20
171	8
211	40
212	135
141	72
44	25
176	0
125	15
213	95
104	74
46	29
214	215
16	180
54	17
16	45
44	92
108	133
108	72
110	154
168	102
12	1
6	216
31	25
93	65
11	2
42	15
153	8
70	6
24	87
64	4
110	155
143	6
16	217
72	84
98	131
101	218
108	37
16	219
59	49
95	31
143	1
95	145
15	220
221	69
42	114
18	47
22	49
48	24
40	79
222	62
5	223
40	44
103	129
16	36
8	224
225	226
95	30
153	18
5	29
42	87
40	78
181	32
4	35
40	131
76	25
94	8
37	12
18	5
40	18
4	150
16	47
15	25
40	15
8	34
18	227
31	184
63	228
6	134
37	49
16	34
48	70
38	6
72	47
40	2
16	182
56	226
123	49
89	104
16	78
46	16
40	12
82	150
104	49
229	207
31	80
230	2
231	8
72	31
72	232
38	48
20	135
36	70
130	233
18	34
12	234
16	235
81	97
73	18
108	22
95	44
0	31
236	119
11	150
202	68
68	107
72	165
42	45
16	13
4	187
48	11
98	6
95	43
178	135
9	25
30	114
4	50
152	29
80	43
14	31
237	72
190	238
87	31
24	18
1	80
6	20
123	54
146	65
48	17
125	69
14	150
48	79
75	112
6	239
16	143
42	144
4	12
159	14
8	240
0	8
141	167
241	6
11	78
46	25
81	47
156	19
6	84
37	15
211	95
187	45
16	80
51	40
45	5
112	49
30	25
36	42
242	2
40	172
243	11
34	138
27	74
210	244
99	74
245	47
137	20
16	35
38	79
77	18
214	135
46	133
123	6
95	1
37	18
40	135
95	24
101	187
68	54
40	14
36	246
30	47
4	182
2	225
46	6
40	33
24	6
13	6
70	165
247	25
171	18
103	15
72	248
7	68
8	39
40	202
29	25
18	144
138	1
16	131
16	84
42	70
114	87
16	15
9	78
37	147
46	54
18	1
11	140
81	42
166	95
249	119
224	133
37	6
0	144
40	47
152	223
164	155
18	250
59	15
143	80
16	6
72	39
35	20
129	251
18	252
124	18
95	143
36	131
70	44
207	78
14	35
11	244
12	109
18	67
95	207
9	49
12	31
9	45
118	18
40	20
68	22
77	95
197	190
54	15
95	153
69	6
11	17
8	49
253	254
138	31
6	131
36	143
72	5
138	84
78	8
62	238
11	25
181	16
40	165
95	87
81	76
16	162
72	34
8	252
38	1
0	184
72	15
46	72
38	54
0	224
38	72
81	22
97	47
11	18
176	6
81	44
95	138
72	255
72	109
2	74
72	219
75	95
42	25
256	72
22	44
42	18
95	165
89	147
45	80
11	47
24	49
93	72
37	29
76	49
257	2
52	258
76	37
52	259
72	12
191	20
78	138
16	159
81	8
42	153
40	43
81	159
42	31
4	260
179	44
0	145
16	153
11	45
44	6
130	158
187	50
223	261
48	176
262	49
16	256
93	15
167	91
187	25
46	80
101	137
81	45
209	93
252	1
42	2
263	196
76	54
0	17
12	15
11	76
166	54
48	87
73	104
4	137
187	37
20	225
4	149
45	25
24	15
72	44
16	123
47	80
95	103
136	18
195	45
264	259
78	176
72	6
18	79
81	24
113	6
133	105
12	118
194	72
8	109
1	47
59	6
165	8
7	11
49	47
265	228
165	18
4	226
78	47
40	54
16	237
101	37
78	104
60	153
2	37
108	18
81	31
8	114
232	248
258	206
49	84
130	25
6	47
11	42
38	39
16	49
95	79
15	74
72	60
123	36
16	72
51	54
9	76
11	134
78	45
46	11
4	30
215	62
40	39
49	97
45	89
16	5
76	80
266	254
6	85
92	121
218	6
179	202
59	18
99	131
15	147
4	101
74	131
72	98
267	268
29	80
269	60
123	70
21	81
24	37
40	1
247	270
34	30
9	104
144	39
16	7
52	264
9	149
11	87
48	54
6	271
2	223
173	272
130	10
40	162
40	97
78	18
2	104
81	138
20	272
2	31
2	49
54	44
125	14
273	274
6	142
9	194
4	194
68	43
17	105
6	205
16	44
46	48
16	125
46	17
95	60
275	16
276	18
133	30
37	35
48	42
76	2
179	42
42	39
34	192
123	39
58	20
18	131
277	183
42	22
37	25
30	184
6	104
95	39
18	31
16	136
38	42
16	118
16	18
207	0
47	25
8	30
278	69
42	97
279	15
280	9
42	109
112	76
35	25
6	281
95	134
282	237
0	97
9	147
44	134
30	105
95	47
2	25
40	144
24	8
283	15
46	45
112	9
284	0
78	88
46	36
22	176
181	68
146	72
233	10
123	18
46	38
22	224
16	74
9	65
123	138
151	5
16	130
36	2
154	149
70	18
123	72
266	285
16	138
280	286
125	101
62	135
287	45
51	79
182	131
0	124
2	14
18	114
37	89
108	81
143	54
48	4
11	210
123	4
72	2
16	207
166	47
42	72
76	45
143	37
24	76
40	94
68	25
166	189
11	70
117	137
11	176
0	79
36	30
22	87
95	269
95	25
49	139
22	47
4	195
235	199
16	79
48	68
22	39
123	162
6	92
78	1
98	182
166	97
159	25
19	1
9	84
167	68
288	289
59	20
13	76
16	71
160	176
25	43
48	80
228	29
42	12
14	20
187	2
2	226
110	130
54	114
42	37
110	148
37	73
182	12
40	49
123	0
123	79
64	209
16	32
98	18
74	150
108	245
24	42
4	69
15	49
42	134
72	65
29	61
16	88
18	134
95	12
179	68
44	8
4	59
9	125
52	274
4	49
231	70
95	290
4	2
45	74
16	73
72	114
101	14
40	104
205	49
238	29
11	44
2	10
44	109
112	29
4	31
72	251
141	4
81	25
123	87
269	8
2	130
45	291
138	25
5	236
82	6
192	92
280	10
209	72
42	44
37	74
147	25
202	42
229	78
262	6
50	15
133	184
130	164
16	93
2	137
38	44
218	117
38	78
187	89
130	61
111	155
6	292
46	18
46	30
11	145
29	57
14	29
31	193
8	17
18	29
224	134
54	97
75	15
16	187
2	267
95	73
169	288
81	29
8	134
36	104
143	68
36	15
9	138
168	173
40	48
16	31
151	223
152	261
12	87
16	269
6	235
293	212
40	4
54	18
42	0
48	39
127	135
72	59
8	121
166	31
45	1
134	156
16	150
294	16
101	45
143	45
8	144
48	72
11	88
9	30
69	137
30	97
32	289
95	34
137	35
0	105
69	59
82	74
25	135
176	240
6	80
95	84
22	8
164	148
78	17
8	295
64	72
182	6
8	142
18	142
49	25
101	49
14	137
194	37
142	30
296	6
40	22
211	181
34	67
16	65
51	297
6	192
198	65
68	1
90	256
108	4
200	212
29	233
68	6
72	138
16	167
15	80
30	17
36	79
21	54
36	24
102	226
108	30
207	18
59	104
123	224
2	18
36	105
48	1
42	34
72	134
51	88
6	133
99	27
81	49
95	107
14	89
298	2
243	95
149	25
166	39
14	49
95	4
204	293
165	0
44	104
207	8
16	38
8	97
68	162
202	95
11	144
125	45
73	74
6	199
11	54
72	37
236	152
44	138
299	7
101	6
22	162
48	244
300	91
40	143
22	79
76	72
38	25
211	202
95	29
11	72
16	42
209	4
40	42
42	47
35	15
270	25
109	18
131	84
9	301
249	152
21	8
2	152
9	18
16	144
4	78
73	25
18	105
73	99
147	49
13	95
48	47
72	45
257	101
36	8
46	31
40	95
78	224
8	302
18	87
9	111
6	31
76	15
13	25
123	8
95	176
48	18
16	41
2	117
103	98
252	31
24	72
30	87
36	47
81	114
138	30
35	6
137	15
95	76
159	45
48	0
11	24
62	303
17	184
155	25
16	25
49	114
61	191
9	11
46	185
48	88
20	173
13	15
78	210
138	47
16	194
187	20
4	44
51	8
4	73
18	97
40	37
182	99
44	31
123	165
0	39
162	34
202	18
166	30
29	225
40	87
14	50
54	45
2	138
153	12
78	160
277	135
90	72
95	70
37	137
45	30
48	193
16	2
48	138
1	25
206	135
4	42
143	22
54	49
48	43
20	226
22	31
72	103
9	29
46	8
36	138
130	111
108	44
24	22
16	87
48	184
125	37
95	49
162	8
2	12
155	149
38	30
114	31
94	207
66	142
13	37
68	24
246	193
16	113
123	44
276	8
54	25
117	6
168	226
134	142
208	6
38	81
108	29
16	68
36	1
76	44
304	49
46	68
78	30
24	245
2	50
46	0
16	133
16	305
103	6
123	143
123	24
113	147
89	6
51	123
15	20
61	10
263	95
176	18
9	72
2	45
3	45
48	37
5	25
27	150
165	44
81	1
76	104
164	25
36	144
8	306
6	49
192	205
44	205
16	146
264	307
32	288
162	60
18	80
63	303
95	104
16	95
95	244
38	144
258	135
308	52
138	131
40	0
5	135
46	87
108	123
6	147
309	26
98	15
38	95
38	47
211	107
15	30
18	104
21	95
16	8
72	30
16	75
31	29
40	25
76	8
74	49
310	135
16	100
42	60
12	29
22	97
11	8
11	39
48	78
22	1
21	30
40	189
64	16
6	311
36	22
4	6
54	176
48	29
130	155
2	218
35	29
44	153
123	134
54	6
11	97
101	69
18	25
0	19
78	118
230	69
54	70
99	84
108	143
4	262
95	219
18	15
4	80
158	10
16	244
42	79
16	165
9	15
75	13
46	9
233	20
45	104
143	49
120	57
72	97
4	270
9	155
18	205
150	85
108	76
6	30
5	291
21	78
18	306
62	228
16	4
95	11
46	78
11	79
40	123
303	265
54	87
187	104
81	78
42	138
123	114
192	121
81	80
134	19
4	76
24	43
101	29
29	301
16	48
4	155
46	24
76	18
16	20
112	86
0	47
61	58
95	54
75	6
0	87
42	30
76	103
6	304
42	6
312	8
1	31
49	131
45	31
1	97
9	313
46	144
13	18
16	43
7	78
36	18
40	21
12	150
45	10
109	99
233	58
104	25
48	31
2	135
86	313
21	11
48	159
68	72
72	153
22	144
123	47
75	25
45	59
131	25
8	1
266	253
104	31
123	78
18	17
181	25
314	25
12	80
130	154
6	315
144	79
154	111
81	95
78	133
9	235
9	4
11	49
49	316
0	156
29	58
11	133
9	164
111	148
22	18
40	59
8	45
187	15
168	20
69	104
22	138
4	235
66	121
143	8
81	72
78	25
72	8
12	6
317	54
46	15
143	25
4	100
16	104
45	223
15	29
197	238
108	131
16	289
19	87
4	33
217	32
5	254
146	4
2	278
297	0
16	81
8	136
22	12
125	29
36	95
78	2
41	95
25	80
73	49
95	18
4	129
15	104
68	18
11	1
21	0
266	318
154	25
6	66
44	142
143	42
76	12
95	88
106	18
23	108
18	138
72	80
24	30
86	65
18	224
143	24
36	4
48	2
48	22
54	144
25	309
15	6
18	30
81	11
44	97
24	45
37	1
123	76
194	15
45	138
118	6
105	184
137	6
166	8
81	48
60	160
16	166
134	30
76	29
46	165
11	0
78	72
5	249
2	15
37	104
182	49
4	98
2	80
12	34
81	189
15	5
48	114
198	25
4	45
5	152
293	135
44	0
54	78
8	124
123	30
209	15
16	24
44	49
45	15
42	20
154	164
29	120
319	274
14	104
15	150
40	179
38	123
73	45
187	69
38	36
8	47
4	25
4	138
110	164
68	45
18	192
37	8
78	29
126	135
4	125
158	233
194	320
75	4
24	219
2	35
45	6
142	49
4	29
157	275
8	79
238	135
82	99
158	20
115	41
93	321
42	8
176	136
73	6
4	147
40	29
123	48
262	18
22	80
48	143
179	72
112	103
51	42
81	15
16	39
8	133
8	15
123	22
61	20
48	76
46	95
44	15
25	33
16	103
95	210
4	247
108	1
12	205
9	135
16	98
45	20
54	0
322	2
46	189
35	89
2	6
31	246
317	95
44	118
95	276
16	10
112	98
29	158
9	187
22	25
95	37
42	162
16	29
18	133
36	25
44	121
83	233
233	61
34	131
36	29
36	54
185	244
78	22
81	2
16	14
27	131
2	268
78	6
182	18
51	16
81	0
60	18
48	19
16	202
44	176
67	205
104	80
81	30
9	195
72	104
21	48
42	88
63	29
24	44
48	224
48	134
95	2
12	131
72	17
40	45
108	47
101	2
11	22
226	272
95	80
52	323
4	15
13	146
76	182
123	1
289	80
37	59
113	73
24	47
51	95
36	165
1	17
81	6
162	44
66	92
10	301
30	1
288	80
16	134
73	27
54	1
16	90
129	6
11	114
185	88
150	84
9	199
108	6
16	224
4	65
70	8
6	316
166	11
16	179
36	17
16	114
217	169
72	208
72	25
6	74
9	86
48	30
167	72
72	1
1	87
6	324
11	165
76	98
54	8
16	209
325	25
9	101
108	95
123	97
11	80
95	8
4	130
44	30
16	147
16	59
38	11
297	95
319	52
326	72
16	300
54	47
25	65
327	2
9	98
113	82
158	58
166	48
95	33
182	15
164	111
72	14
123	195
308	273
14	6
328	2
297	18
49	1
38	31
143	30
16	297
42	131
17	193
72	33
16	198
103	12
157	16
101	35
6	25
176	8
117	50
46	49
211	68
18	66
159	4
23	72
308	319
165	6
46	44
142	1
273	52
8	19
321	72
4	8
48	185
46	2
24	54
9	154
54	30
109	6
11	138
46	39
72	129
16	169
44	47
211	16
9	36
87	25
0	136
171	54
4	20
14	45
8	140
15	131
123	210
14	25
199	286
24	12
16	70
48	210
25	79
157	209
54	138
40	72
121	205
81	54
22	30
168	225
123	12
2	73
73	131
25	32
81	162
13	72
16	22
16	288
52	329
112	4
123	176
24	1
81	79
12	30
148	155
29	226
48	246
187	59
54	165
112	28
10	286
49	85
40	6
6	330
78	244
37	20
72	73
9	69
36	11
162	6
44	131
46	4
307	259
2	89
195	15
60	44
29	135
51	11
6	97
108	237
29	20
143	11
44	34
40	16
6	29
46	1
72	131
48	97
8	87
254	318
308	274
40	11
16	33
68	219
8	150
54	79
72	29
95	45
38	0
2	44
21	185
177	135
125	6
59	29
128	6
112	6
22	72
125	2
35	59
188	292
4	164
9	137
98	12
40	80
40	76
37	30
46	37
204	135
48	8
42	92
48	95
9	6
95	78
95	72
6	114
73	15
143	44
187	35
40	8
123	31
4	84
30	39
48	136
8	80
36	31
125	187
9	14
9	270
46	143
78	231
16	309
45	29
49	29
123	42
136	224
252	30
72	0
99	150
52	135
130	149
52	307
130	29
59	25
40	32
331	25
13	9
16	76
123	88
83	61
95	68
133	134
20	25
295	18
2	5
37	45
24	162
16	1
217	180
288	33
270	65
104	29
322	257
12	25
123	80
143	72
36	78
48	133
54	31
12	138
18	132
5	261
8	84
76	22
162	25
8	29
54	133
46	42
162	18
11	4
46	97
69	45
6	121
42	80
16	30
2	69
11	15
112	73
134	97
54	2
101	20
16	37
0	134
