1000	4995
0	288
0	558
0	605
0	775
0	820
0	905
0	949
0	972
1	192
1	303
1	702
1	703
1	797
1	831
1	844
1	879
2	191
2	302
2	334
2	339
2	452
2	607
2	822
2	896
2	953
2	972
2	991
2	993
3	28
3	29
3	65
3	173
3	184
3	409
3	416
3	553
3	752
3	814
3	816
3	932
4	44
4	69
4	163
4	252
4	324
4	432
4	434
4	779
4	791
4	793
4	903
4	934
5	8
5	217
5	280
5	444
5	566
5	634
5	669
5	756
5	862
5	985
6	98
6	294
6	607
6	787
6	893
6	962
7	374
7	412
7	564
7	644
7	752
7	851
8	864
8	923
9	107
9	233
9	330
9	348
9	471
9	609
9	775
9	849
9	943
10	98
10	118
10	235
10	647
10	897
10	966
11	60
11	306
11	395
11	513
11	907
12	42
12	228
12	417
12	493
12	540
12	635
12	661
12	744
12	787
12	951
13	41
13	84
13	101
13	111
13	337
13	437
13	725
13	886
13	898
13	976
14	627
14	712
14	859
14	866
14	962
15	93
15	102
15	248
15	398
15	517
15	590
15	602
15	772
15	860
16	65
16	66
16	250
16	269
16	277
16	524
16	547
16	633
16	715
16	774
16	816
16	859
16	870
16	910
16	947
16	969
16	979
17	98
17	182
17	233
17	353
17	366
17	546
17	668
17	669
17	806
17	814
17	834
17	958
18	140
18	151
18	199
18	303
18	488
18	545
18	587
18	713
18	813
19	79
19	146
19	277
19	428
19	451
19	555
19	743
19	777
20	53
20	167
20	209
20	333
20	373
20	412
20	427
20	860
20	908
21	25
21	95
21	104
21	141
21	272
21	300
21	598
21	650
21	675
21	760
21	767
22	282
22	388
22	434
22	594
23	113
23	125
23	300
23	404
23	531
23	678
23	787
23	951
23	955
24	43
24	87
24	218
24	279
24	396
24	440
24	499
24	595
24	704
24	858
24	991
25	64
25	223
25	225
25	249
25	297
25	416
25	458
25	634
25	756
25	974
26	76
26	230
26	281
26	300
26	372
26	387
26	442
26	534
26	666
26	809
26	912
26	996
27	133
27	134
27	190
27	672
27	700
27	864
27	923
27	956
28	60
28	61
28	101
28	331
28	377
28	405
28	465
28	791
28	854
28	866
28	869
28	928
29	59
29	84
29	123
29	182
29	384
29	453
29	694
29	800
29	881
29	883
29	899
30	72
30	92
30	210
30	282
30	638
30	718
30	757
30	853
30	909
30	964
30	965
30	999
31	185
31	468
31	473
31	487
31	580
31	587
31	771
31	955
32	75
32	190
32	364
32	531
32	944
32	979
33	74
33	113
33	250
33	254
33	525
33	599
33	634
33	657
33	718
33	792
33	822
33	878
33	987
34	169
34	509
34	665
34	726
34	737
34	988
35	566
35	896
35	948
36	170
36	184
36	250
36	293
36	451
36	517
36	578
36	638
36	660
36	752
36	806
36	938
36	941
36	950
37	194
37	211
37	251
37	286
37	475
37	670
37	847
37	870
37	891
37	905
38	85
38	109
38	148
38	180
38	276
38	288
38	299
38	389
38	492
38	604
38	682
38	686
38	702
38	795
38	921
39	55
39	85
39	324
39	538
39	699
39	979
40	258
40	334
40	446
40	530
40	572
40	643
40	721
40	731
40	788
40	887
40	897
41	189
41	246
41	261
41	277
41	307
41	456
41	471
41	492
41	614
41	680
41	709
41	790
41	802
41	816
41	824
41	890
41	912
41	954
42	65
42	253
42	483
42	506
42	626
42	641
42	986
43	264
43	380
43	435
43	457
43	749
43	869
43	987
44	155
44	341
44	536
44	667
44	729
44	831
44	845
44	871
45	288
45	307
45	393
45	526
45	788
46	129
46	502
46	536
46	571
46	627
46	646
46	749
47	83
47	233
47	255
47	398
47	420
47	469
47	482
47	522
47	913
48	105
48	540
48	635
48	653
48	802
48	952
48	964
49	208
49	216
49	350
49	410
49	625
49	646
49	836
49	945
50	53
50	117
50	147
50	246
50	298
50	299
50	310
50	464
50	472
50	517
50	589
50	648
50	801
50	874
50	877
50	917
50	932
51	96
51	136
51	200
51	235
51	237
51	277
51	322
51	374
51	411
51	474
51	500
51	770
52	260
52	326
52	371
52	374
52	418
52	522
52	620
52	649
52	785
52	809
52	860
53	118
53	278
53	753
53	894
53	987
54	185
54	215
54	358
54	534
54	919
54	923
55	174
55	185
55	227
55	237
55	256
55	355
55	367
55	506
55	583
55	607
55	815
55	826
55	873
55	903
55	955
55	970
56	90
56	110
56	148
56	225
56	232
56	449
56	601
56	626
56	676
56	797
56	854
56	944
57	79
57	106
57	113
57	186
57	346
57	448
57	461
57	549
57	585
57	614
57	733
57	851
57	884
57	941
57	961
57	966
57	981
58	221
58	237
58	239
58	278
58	628
58	633
58	650
58	667
58	766
58	938
59	131
59	159
59	177
59	187
59	197
59	204
59	321
59	357
59	454
59	466
59	626
59	654
59	794
59	878
60	82
60	134
60	197
60	323
60	332
60	355
60	357
60	865
61	150
61	159
61	223
61	264
61	271
61	314
61	517
61	728
61	741
61	794
61	853
62	95
62	147
62	169
62	171
62	186
62	500
62	505
62	506
62	517
62	693
62	831
62	975
63	224
63	288
63	357
63	401
63	567
63	579
63	591
63	675
63	794
63	875
64	83
64	171
64	328
64	510
64	675
64	769
65	105
65	161
65	163
65	178
65	236
65	302
65	333
65	533
65	585
65	699
65	767
65	797
65	821
65	898
65	943
65	977
66	419
66	520
66	688
66	728
66	748
66	770
66	906
66	945
67	115
67	183
67	339
67	676
67	801
67	833
67	905
68	81
68	168
68	207
68	289
68	356
68	411
68	419
68	686
68	740
68	758
68	816
68	882
68	883
68	904
69	99
69	170
69	389
69	447
69	633
69	938
70	114
70	268
70	308
70	355
70	364
70	430
70	685
70	854
71	90
71	170
71	214
71	248
71	453
71	506
71	589
71	670
71	675
71	715
72	121
72	254
72	346
72	402
72	430
72	445
72	876
72	906
73	138
73	339
73	611
73	665
73	836
73	871
74	141
74	142
74	370
74	391
74	639
74	657
74	942
75	175
75	199
75	259
75	284
75	288
75	437
75	446
75	528
75	680
75	692
76	90
76	118
76	158
76	411
76	616
76	662
76	764
76	792
76	828
76	935
76	972
77	172
77	313
77	329
77	486
77	921
78	128
78	130
78	295
78	302
78	319
78	361
78	428
78	490
78	530
78	605
78	644
78	745
78	774
79	187
79	244
79	262
79	265
79	364
79	448
79	594
79	595
79	609
79	672
79	743
79	785
79	808
79	889
80	374
80	438
80	463
80	491
80	550
80	569
80	659
80	805
80	933
81	119
81	291
81	332
81	395
81	458
81	607
81	734
81	748
81	833
81	916
81	949
81	960
82	263
82	271
82	316
82	553
82	609
82	649
82	654
82	838
83	238
83	246
83	353
83	647
83	650
83	801
83	855
84	94
84	146
84	230
84	518
84	581
84	745
84	828
85	132
85	159
85	163
85	188
85	192
85	380
85	393
85	578
85	620
85	871
85	880
85	984
86	112
86	193
86	273
86	480
86	522
86	669
87	386
87	482
87	583
87	627
87	708
87	738
87	750
87	847
87	947
87	977
88	170
88	245
88	355
88	540
88	548
88	613
88	681
88	695
88	743
88	802
88	889
89	250
89	391
89	399
89	538
89	716
89	721
89	743
89	755
89	839
90	701
90	810
90	814
90	858
90	887
90	976
91	266
91	274
91	287
91	486
91	595
91	612
91	658
91	776
91	824
91	893
91	914
91	965
92	320
92	378
92	400
92	416
92	621
92	716
92	804
92	840
92	870
93	177
93	192
93	193
93	383
93	396
93	407
93	504
93	562
93	642
93	819
93	854
93	879
93	959
94	99
94	153
94	174
94	185
94	325
94	379
94	434
94	469
94	613
94	816
94	824
94	858
94	884
95	140
95	162
95	175
95	193
95	214
95	287
95	302
95	355
95	379
95	457
95	492
95	586
95	779
95	880
95	927
95	948
96	193
96	195
96	289
96	311
96	312
96	397
96	510
96	519
96	639
96	654
96	692
96	781
96	851
96	877
96	890
96	943
97	117
97	142
97	189
97	761
97	788
97	790
97	892
97	962
97	970
98	207
98	269
98	441
98	931
98	933
98	980
98	992
99	133
99	206
99	250
99	290
99	359
99	431
99	446
99	498
99	764
99	846
100	478
100	524
100	746
100	754
100	869
100	976
100	985
101	402
101	582
101	773
101	781
101	832
101	896
101	929
102	334
102	357
102	499
102	789
102	897
102	921
102	961
103	170
103	264
103	319
103	320
103	329
103	332
103	425
103	472
103	533
103	769
103	903
103	949
103	953
104	334
104	344
104	346
104	479
104	590
104	826
104	834
104	911
104	959
104	967
105	372
105	374
105	381
105	446
105	511
105	668
105	895
105	904
105	996
106	225
106	340
106	496
106	628
106	641
106	877
106	929
106	970
106	974
107	216
107	379
107	442
107	460
107	496
107	567
107	652
107	864
107	899
107	942
107	961
107	984
108	143
108	167
108	174
108	350
108	425
108	481
108	535
108	551
108	669
108	825
108	987
109	287
109	351
109	394
109	705
109	817
109	858
110	287
110	522
110	651
110	768
110	774
111	159
111	217
111	271
111	313
111	445
111	458
111	464
111	540
111	562
111	568
111	663
111	670
111	815
111	847
111	893
111	961
112	121
112	255
112	300
112	452
112	617
112	649
112	684
112	685
112	769
112	992
112	996
113	118
113	136
113	278
113	339
113	385
113	448
113	694
113	795
113	808
113	928
113	988
114	139
114	211
114	244
114	312
114	327
114	338
114	508
114	562
114	599
114	638
114	639
114	660
114	693
114	856
115	201
115	410
115	424
115	439
115	478
115	645
115	762
116	142
116	172
116	637
116	662
116	679
116	797
116	931
116	998
117	267
117	293
117	446
117	464
117	666
117	938
117	960
118	246
118	271
118	321
118	556
118	558
118	579
118	647
118	903
118	913
118	937
119	130
119	272
119	287
119	302
119	347
119	368
119	575
119	591
119	666
119	759
119	774
119	945
119	950
120	533
120	667
120	670
120	679
120	867
120	943
121	174
121	248
121	315
121	444
121	586
121	688
121	703
121	854
121	916
121	938
121	990
122	215
122	341
122	439
122	598
122	671
122	846
123	373
123	571
123	704
123	863
124	197
124	245
124	458
124	492
124	555
124	616
124	632
124	674
124	805
124	979
124	984
125	141
125	142
125	792
125	828
125	952
126	288
126	479
126	559
126	688
126	839
126	977
127	265
127	279
127	287
127	347
127	518
127	600
127	811
127	869
127	870
127	954
127	969
128	224
128	244
128	291
128	340
128	528
128	589
128	603
128	743
128	794
128	904
128	922
128	923
129	307
129	440
129	484
129	676
129	701
129	903
129	970
130	336
130	416
130	546
130	599
130	606
130	674
130	777
130	850
130	953
130	956
130	974
131	265
131	273
131	283
131	409
131	462
131	486
131	689
131	744
131	863
131	868
131	906
131	949
131	973
132	188
132	276
132	378
132	564
132	571
132	590
132	626
132	948
133	181
133	234
133	247
133	579
133	653
133	714
133	749
133	797
133	871
133	896
134	240
134	288
134	442
134	483
134	756
134	838
134	888
134	914
134	930
134	942
134	946
134	996
135	147
135	181
135	389
135	559
135	797
135	850
136	154
136	588
136	647
136	833
136	892
136	907
136	931
137	201
137	294
137	384
137	490
137	603
137	771
137	783
137	846
137	883
138	224
138	240
138	304
138	585
138	689
139	234
139	443
139	480
139	506
139	679
139	720
139	740
140	313
140	347
140	701
140	733
140	784
140	850
140	981
141	324
141	806
142	151
142	219
142	263
142	286
142	393
142	801
142	983
143	482
143	560
143	658
143	663
143	773
143	911
143	968
144	248
144	281
144	310
144	502
144	518
144	578
144	644
144	748
144	876
144	926
144	937
145	159
145	178
145	184
145	327
145	335
145	617
145	627
145	636
145	660
145	729
145	877
145	923
146	265
146	346
146	424
146	476
146	496
146	649
146	821
146	919
147	429
147	442
147	742
147	760
147	876
147	884
147	963
148	188
148	194
148	333
148	338
148	517
148	521
148	567
148	596
148	621
148	679
148	691
148	778
148	788
148	981
149	197
149	203
149	424
149	589
149	617
149	644
149	722
149	745
149	750
149	780
149	785
149	827
149	955
149	971
150	528
150	584
150	605
150	619
150	628
150	731
150	875
150	900
150	955
151	495
151	544
151	629
151	633
151	700
151	797
151	798
151	895
151	919
151	969
152	180
152	361
152	733
152	746
152	902
152	905
153	197
153	287
153	293
153	480
153	703
153	765
153	868
153	953
153	993
154	202
154	421
154	614
154	946
155	451
155	484
155	620
155	684
155	920
156	428
156	472
156	487
156	634
156	896
156	958
156	961
156	963
157	165
157	190
157	310
157	430
157	568
157	853
157	864
157	870
157	944
158	183
158	187
158	226
158	336
158	363
158	611
158	645
158	893
158	910
158	999
159	185
159	272
159	292
159	550
159	571
159	729
159	826
159	913
159	916
160	402
160	550
160	595
160	748
160	787
161	271
161	321
161	333
161	423
161	503
161	542
161	634
161	711
162	228
162	443
162	503
162	513
162	765
162	838
163	289
163	442
163	487
163	499
163	557
163	604
163	683
163	718
163	785
163	997
164	424
164	562
164	634
164	648
164	816
164	874
164	933
164	934
165	372
165	395
165	429
165	469
165	478
165	767
165	813
165	839
165	945
166	167
166	185
166	285
166	298
166	369
166	388
166	418
166	461
166	621
166	642
166	647
166	787
166	792
166	812
167	304
167	448
167	466
167	496
167	700
167	957
168	315
168	409
168	642
168	788
169	319
169	404
169	421
169	426
169	805
169	830
169	841
169	907
169	990
170	192
170	244
170	274
170	278
170	390
170	441
170	939
170	948
171	191
171	223
171	464
171	624
171	626
171	855
171	879
171	881
171	890
172	290
172	444
172	498
172	603
172	610
172	824
173	237
173	579
173	656
173	702
174	290
174	319
174	469
174	879
174	885
174	901
174	907
174	922
174	939
174	943
174	956
175	289
175	385
175	542
175	546
175	586
175	625
175	749
175	849
175	914
176	218
176	370
176	586
176	610
176	679
176	687
176	733
176	744
176	762
176	793
176	873
177	266
177	461
177	539
177	666
177	720
177	749
177	763
177	766
177	810
177	815
178	181
178	208
178	314
178	420
178	670
178	749
178	810
178	896
178	987
179	537
179	627
179	688
179	976
180	290
180	437
180	606
180	622
180	689
180	719
180	806
180	891
181	247
181	313
181	362
181	630
181	704
181	751
181	795
181	813
181	879
181	992
182	392
182	408
182	496
182	519
182	792
182	834
182	914
182	988
183	252
183	306
183	377
183	432
183	440
183	482
183	640
183	684
183	739
184	198
184	284
184	517
184	579
184	689
184	859
185	352
185	367
185	437
185	490
186	257
186	268
186	414
186	427
186	474
186	477
186	479
186	484
186	537
186	757
186	838
186	876
186	910
186	912
187	276
187	330
187	334
187	375
187	418
187	709
187	853
187	861
188	223
188	368
188	385
188	524
188	710
188	746
188	975
189	202
189	451
189	485
189	751
189	817
189	877
189	956
190	347
190	667
190	754
190	829
191	359
191	387
191	468
191	698
191	989
192	418
192	545
192	627
192	843
193	330
193	376
193	403
193	411
193	423
193	453
193	525
193	586
193	764
194	287
194	403
194	542
194	562
194	612
194	704
194	799
194	830
194	839
194	905
195	201
195	220
195	432
195	673
195	748
195	763
195	779
195	901
195	934
195	988
196	454
196	486
196	690
197	234
197	252
197	336
197	469
197	570
197	714
197	715
197	744
197	827
197	871
198	378
198	558
198	583
198	594
198	771
198	812
198	833
198	844
198	853
198	858
198	879
198	957
198	958
198	963
199	457
200	281
200	283
200	326
200	494
200	572
200	614
200	625
200	630
200	655
200	727
200	749
200	764
200	806
200	812
200	826
200	852
200	898
200	921
200	930
201	259
201	862
201	949
202	350
202	432
202	706
202	714
202	879
202	900
203	239
203	923
203	994
204	291
204	331
204	347
204	559
204	563
204	678
204	739
205	315
205	316
205	474
205	486
205	515
205	525
205	560
205	857
206	235
206	463
206	574
206	623
206	692
206	849
206	976
207	214
207	265
207	409
207	527
207	664
207	694
207	806
207	860
207	893
207	955
208	211
208	230
208	311
208	501
208	520
208	879
209	383
209	386
209	414
209	649
209	723
209	735
209	936
210	223
210	287
210	638
210	826
210	954
211	367
211	394
211	642
211	684
211	759
212	258
212	299
212	367
212	370
212	464
212	490
212	597
212	633
212	744
212	799
212	961
213	289
213	312
213	455
213	543
213	623
213	946
214	220
214	256
214	260
214	272
214	356
214	686
214	759
214	834
215	238
215	401
215	494
215	630
215	708
215	743
215	824
216	344
216	409
216	685
216	705
216	709
216	862
216	882
216	888
216	920
217	375
217	379
217	482
217	640
217	682
217	771
217	782
218	256
218	284
218	409
218	927
218	932
219	260
219	437
219	484
219	532
219	587
219	644
219	829
219	913
220	242
220	297
220	398
220	477
220	549
220	736
220	845
221	368
221	391
221	554
221	706
221	789
221	863
222	428
222	600
222	726
222	767
222	769
222	854
222	892
223	315
223	340
223	388
223	395
223	463
223	511
223	527
223	590
223	611
223	655
223	798
223	806
224	281
224	349
224	410
224	568
224	752
224	813
224	857
224	947
225	240
225	295
225	458
225	514
225	597
225	854
226	397
226	668
226	683
226	929
226	935
227	253
227	340
227	354
227	412
227	434
227	465
227	476
227	963
227	995
228	338
228	429
228	558
228	677
228	991
229	271
229	287
229	360
229	455
229	485
229	557
229	558
229	765
229	767
229	863
229	941
229	966
230	273
230	300
230	500
230	531
230	643
230	740
230	744
230	854
230	890
230	926
230	976
231	405
231	417
231	431
231	525
231	532
231	553
231	585
231	689
232	311
232	329
232	563
232	667
232	854
232	921
232	937
233	383
233	388
233	535
233	557
233	819
233	838
233	842
233	955
233	994
234	388
234	458
234	597
234	926
234	929
235	353
235	388
235	411
235	533
235	543
235	813
235	950
236	490
236	524
236	911
237	282
237	447
237	492
237	602
237	706
237	775
237	969
238	303
238	316
238	342
238	416
238	527
238	562
238	608
238	683
238	874
239	258
239	303
239	346
239	549
239	659
239	687
239	717
239	807
239	833
239	881
239	884
239	937
240	249
240	254
240	370
240	403
240	434
240	438
240	685
240	694
240	720
240	831
240	875
241	583
241	639
241	657
241	915
241	922
242	310
242	422
242	499
242	536
242	572
242	715
242	802
242	872
242	886
242	901
243	334
243	363
243	472
243	528
243	767
243	861
244	274
244	376
244	421
244	623
244	651
244	727
244	793
244	804
244	825
244	894
244	943
244	947
245	386
245	536
245	648
245	677
246	381
246	386
246	550
246	829
246	848
247	304
247	457
247	484
247	594
247	624
247	641
247	751
247	801
247	861
247	912
247	933
248	279
248	446
248	464
248	504
248	640
248	710
248	820
248	874
248	878
249	298
249	429
249	703
249	756
249	844
249	909
249	928
250	686
250	792
250	839
250	956
250	999
251	378
251	392
251	638
251	700
251	782
251	921
252	773
252	897
253	382
253	429
253	492
253	609
253	763
253	795
253	905
254	278
254	432
254	449
254	486
254	836
254	910
255	421
255	574
255	691
256	422
256	511
256	559
256	683
256	765
256	857
256	935
256	974
257	433
257	832
257	848
257	965
258	389
258	469
258	577
258	640
259	290
259	299
259	522
259	662
259	692
259	699
259	848
260	407
260	569
260	770
260	873
260	885
260	971
261	325
261	335
261	497
261	543
261	637
261	645
261	721
261	724
261	824
261	914
261	951
262	291
262	312
262	338
262	638
262	645
262	691
262	934
262	954
262	989
262	991
263	279
263	326
263	399
263	421
263	520
263	539
263	540
263	552
263	618
263	647
263	675
263	923
264	422
264	711
264	721
264	790
264	943
265	297
265	377
265	423
265	742
265	769
265	851
265	996
266	323
266	572
266	573
266	657
266	710
266	798
266	877
267	492
267	514
267	536
267	567
267	684
267	858
268	395
268	563
268	604
268	660
268	694
268	703
268	756
268	890
268	895
268	973
269	341
269	400
269	404
269	473
269	680
269	745
269	863
269	880
269	881
269	987
270	358
270	476
270	702
270	744
270	792
270	815
270	851
270	872
271	449
271	516
271	535
271	621
271	628
271	645
271	752
271	812
271	829
271	902
271	911
271	972
272	390
272	393
272	450
272	493
272	514
272	581
272	631
272	719
272	778
272	796
272	797
272	943
272	956
273	472
273	481
273	515
273	572
273	636
273	796
273	851
274	428
274	452
274	488
274	529
274	531
274	641
274	807
274	925
274	999
275	289
275	355
275	448
275	469
275	487
275	494
275	507
275	684
275	753
275	841
275	994
276	505
276	598
276	766
276	999
277	303
277	426
277	437
277	618
277	819
277	859
278	452
278	616
278	689
278	743
278	905
279	442
279	541
279	557
279	668
279	757
279	881
279	944
279	999
280	374
280	402
280	507
280	813
280	992
281	469
281	573
281	731
281	744
281	746
281	941
281	964
281	967
282	537
282	606
282	725
282	807
282	917
282	987
283	293
283	308
283	344
283	705
283	717
283	951
284	300
284	310
284	526
284	613
284	630
284	776
284	798
284	806
284	883
284	959
284	999
285	365
285	513
285	537
285	643
285	874
286	327
286	426
286	451
286	571
286	573
286	728
286	813
286	901
286	925
287	491
287	598
288	316
288	833
288	849
288	917
289	396
289	539
289	679
289	701
289	706
289	732
289	748
290	449
290	512
290	586
290	667
290	672
290	859
290	906
290	941
291	385
291	421
291	424
291	479
291	657
291	754
291	769
291	832
291	859
292	334
292	450
292	498
292	654
292	655
292	814
292	832
292	889
292	960
292	965
293	403
293	405
293	747
294	402
294	404
294	730
294	751
294	752
294	794
295	374
295	665
295	751
295	789
295	827
296	485
296	498
296	563
296	743
296	757
296	797
296	805
296	886
296	909
296	916
296	982
297	351
297	375
297	472
297	495
297	583
297	877
298	609
298	768
298	805
299	318
299	372
299	436
299	441
299	450
299	454
299	580
299	745
299	746
300	345
300	448
300	485
300	551
300	564
300	582
300	818
301	342
301	374
301	442
301	787
302	347
302	354
302	414
302	500
302	550
302	585
303	407
303	427
303	635
303	739
303	745
303	778
304	381
304	478
304	526
304	599
304	865
304	866
304	954
305	310
305	391
305	416
305	615
305	642
305	789
305	936
305	972
305	980
306	632
306	637
306	687
306	787
306	947
306	960
307	448
307	673
307	704
308	335
308	343
308	361
308	546
308	650
308	724
308	827
308	834
309	312
309	774
309	814
309	820
309	867
309	886
309	892
310	412
310	514
310	545
310	569
310	761
310	800
310	818
311	323
311	345
311	469
311	540
311	621
311	849
311	953
312	772
312	931
312	994
313	348
313	432
313	447
313	564
313	611
313	726
313	728
313	807
313	876
313	953
314	406
314	564
314	583
314	610
314	623
314	898
315	389
315	434
315	600
315	727
315	782
315	822
315	877
316	330
316	481
316	862
316	951
317	346
317	475
317	782
317	826
317	947
318	397
318	530
318	702
318	801
319	380
319	536
319	737
319	840
319	962
320	367
320	606
320	609
320	635
320	714
320	913
320	978
321	387
321	412
321	444
321	540
321	550
321	580
321	588
321	595
321	643
321	656
321	760
321	822
321	832
321	880
321	982
321	994
322	331
322	371
322	398
322	507
322	577
322	801
323	458
323	558
323	581
323	617
323	802
323	854
323	952
324	326
324	618
324	648
324	772
324	816
324	954
325	384
325	403
325	476
325	484
325	517
325	648
325	922
325	942
326	414
326	519
326	672
326	972
326	992
327	364
327	391
327	510
327	556
327	559
327	625
327	665
327	761
327	877
328	459
328	494
328	779
328	784
328	801
328	853
328	857
329	405
329	627
329	632
329	653
329	728
329	843
329	849
330	375
330	528
330	569
330	669
330	789
330	812
330	917
330	977
330	997
331	453
331	529
331	629
331	830
331	933
332	405
332	553
332	654
332	947
332	963
332	978
332	989
333	469
333	513
333	648
333	660
333	880
333	966
334	410
334	463
334	479
334	500
334	615
334	631
334	682
334	823
334	906
334	980
334	997
335	360
335	644
335	925
335	980
336	453
336	534
336	537
336	539
336	546
336	633
336	722
336	935
336	947
336	999
337	522
337	536
337	541
337	571
337	621
337	642
337	701
337	810
338	355
338	583
338	585
338	633
338	839
338	914
339	664
339	728
339	786
339	939
340	375
340	557
340	665
340	695
340	723
340	949
340	952
341	413
341	542
341	640
341	660
341	794
341	827
341	836
341	903
341	954
341	962
341	965
342	454
342	504
342	720
342	728
342	781
342	875
342	932
342	943
342	955
343	393
343	462
343	533
343	576
343	929
343	952
343	974
344	360
344	422
344	511
344	568
344	625
344	644
344	688
344	837
344	850
344	961
345	503
345	692
345	914
345	924
346	355
346	427
346	469
346	585
346	644
346	822
346	933
346	935
347	412
347	624
347	837
347	894
348	401
348	471
348	492
348	494
348	701
348	856
348	881
348	955
349	478
349	499
349	661
349	686
349	698
349	792
349	829
350	384
350	559
350	607
350	652
350	677
350	692
350	707
350	762
350	836
350	990
351	492
351	508
351	509
351	632
351	676
351	711
351	744
351	905
352	381
352	444
352	524
352	586
352	631
352	716
352	737
352	828
352	843
353	469
353	514
353	561
353	701
353	812
353	835
353	933
354	455
354	790
354	861
354	946
355	407
355	420
355	465
355	471
355	982
356	372
356	499
356	514
356	796
356	961
357	422
357	518
357	683
357	704
357	721
357	782
357	925
358	453
358	693
358	861
359	361
359	406
359	888
360	366
360	409
360	442
360	515
360	546
360	587
360	642
360	720
360	896
360	914
361	366
361	367
361	421
361	527
361	990
362	433
362	434
362	507
362	514
362	638
362	824
362	885
362	927
362	984
363	426
363	496
363	600
363	680
363	932
363	949
364	386
364	414
364	528
364	748
364	929
365	402
365	487
365	846
366	394
366	416
366	433
366	477
366	728
366	806
366	842
366	952
367	411
367	465
367	528
367	542
367	557
367	559
367	697
367	765
367	826
368	439
368	533
368	589
368	597
368	599
368	689
368	704
368	824
368	861
368	931
368	966
369	508
369	514
369	582
369	759
370	421
370	562
370	577
370	800
371	682
371	774
371	784
371	847
372	414
372	440
372	754
372	771
372	780
372	889
372	936
372	940
372	949
373	571
373	777
374	474
374	525
374	560
374	603
374	605
374	630
374	687
374	764
375	397
375	402
375	539
375	741
375	756
375	963
376	415
376	508
376	526
376	661
376	724
376	904
376	969
377	433
377	437
377	486
377	601
377	628
377	650
377	838
377	881
378	449
378	460
378	577
378	669
378	865
378	885
378	901
379	398
379	435
379	516
379	556
379	624
379	977
380	455
380	486
380	529
380	533
380	655
381	502
381	507
381	746
381	823
381	894
382	477
382	580
382	704
382	840
382	847
383	435
383	510
383	564
383	623
383	650
383	975
384	400
384	527
384	728
384	824
385	395
385	578
385	677
385	697
385	953
386	577
386	627
386	656
386	738
386	894
387	458
387	991
388	417
388	429
388	455
388	759
388	934
389	573
389	630
389	978
390	440
390	534
390	547
390	647
390	809
390	908
391	512
391	598
391	753
391	773
391	788
391	799
391	901
391	929
392	496
392	685
392	723
392	725
392	872
393	503
393	628
393	644
393	685
393	715
393	786
393	788
393	854
394	867
394	973
395	398
395	749
395	797
395	831
395	944
395	980
396	432
396	571
396	690
396	990
396	992
397	501
397	507
397	556
397	725
397	817
397	925
398	648
398	842
398	904
398	945
399	431
399	485
399	523
399	588
399	606
399	619
399	648
399	821
400	432
400	444
400	756
400	788
400	793
400	801
400	865
401	419
401	854
401	914
401	919
402	561
402	716
402	992
403	464
403	524
403	635
403	788
404	553
404	625
404	679
404	701
404	711
404	793
404	933
404	969
404	996
405	442
405	495
405	582
405	600
405	623
405	696
405	751
405	803
406	412
406	461
406	629
406	832
406	947
406	964
407	409
407	502
407	604
407	728
407	807
407	948
407	952
408	485
408	554
408	609
408	724
408	798
409	431
409	552
409	584
409	589
409	629
409	687
409	705
409	830
409	970
410	423
410	445
410	465
410	614
410	702
410	708
410	883
411	524
411	726
411	852
411	880
411	932
412	467
412	487
412	679
412	721
412	858
412	956
413	611
413	861
413	868
413	923
414	444
414	514
414	597
414	663
414	753
414	792
414	816
415	432
415	768
415	847
415	879
415	998
416	474
416	499
416	538
416	540
416	822
416	833
416	899
416	946
416	955
417	526
417	554
417	738
417	809
418	462
418	900
418	932
418	969
419	519
419	630
419	678
419	772
419	850
419	920
419	933
420	463
420	738
420	995
421	484
421	931
421	989
422	468
422	931
423	560
423	604
423	608
423	750
423	788
424	752
424	900
424	954
424	968
425	969
425	981
426	871
426	918
427	507
427	858
427	999
428	510
428	522
428	697
428	783
428	828
428	965
429	440
429	443
429	455
429	503
429	560
429	665
429	666
429	704
429	807
429	827
429	844
430	746
430	833
431	548
431	978
432	569
432	814
432	860
432	870
433	560
433	605
433	612
433	668
433	687
433	809
433	971
434	443
434	495
434	513
434	566
434	589
434	750
434	775
434	853
434	890
434	921
435	478
435	482
435	484
435	488
435	670
435	672
435	732
435	805
436	458
436	473
436	510
436	762
436	924
437	467
437	487
437	605
437	824
437	838
437	852
437	965
438	494
438	519
438	585
438	698
438	765
438	882
438	908
438	924
439	449
439	482
439	573
439	580
439	776
439	792
440	533
440	573
441	464
441	517
441	631
441	785
442	447
442	487
442	647
442	663
442	759
442	858
442	918
443	446
443	657
443	700
443	892
443	998
444	512
444	565
444	626
444	669
444	720
444	829
444	856
444	930
444	934
444	991
445	757
445	863
445	965
446	472
446	474
446	862
446	866
446	901
446	921
447	523
447	527
447	675
447	769
447	780
447	789
447	824
447	981
448	642
448	643
448	702
448	830
448	852
448	854
448	965
449	701
449	798
449	802
449	851
449	931
450	463
450	520
450	533
450	626
450	663
450	792
450	813
450	898
450	899
451	462
451	518
451	532
451	776
451	865
452	718
452	748
452	816
452	831
452	895
452	941
452	966
453	746
453	765
453	919
454	482
454	589
454	801
454	932
454	951
455	485
455	500
455	742
455	845
455	849
455	931
456	465
456	531
456	622
456	768
456	793
456	799
457	492
457	694
457	721
457	917
458	510
458	621
458	701
458	771
458	798
458	936
459	504
459	553
459	584
459	628
459	630
459	718
460	523
460	640
460	729
460	775
460	964
461	534
461	551
461	650
461	660
461	758
461	817
462	745
462	959
463	523
463	683
463	774
463	827
463	963
464	586
464	682
464	700
464	753
464	788
464	831
464	887
464	944
464	956
464	987
465	498
465	593
465	655
465	695
465	749
465	821
465	831
466	485
466	530
466	536
466	542
466	633
466	667
466	746
467	485
467	550
467	557
467	741
467	745
468	530
468	621
468	674
468	781
468	904
468	907
469	684
469	727
469	883
469	886
469	930
470	573
470	588
470	596
470	843
470	919
471	547
471	550
471	679
471	764
471	865
471	894
472	521
472	575
472	831
472	855
472	883
473	515
473	518
473	592
473	611
473	621
473	762
473	792
473	804
474	491
474	563
474	664
474	869
474	926
475	483
475	515
475	594
475	708
475	790
475	811
475	975
476	516
476	576
476	705
476	721
476	737
476	809
477	592
477	602
477	751
477	906
477	947
477	981
477	996
478	515
478	750
479	531
479	589
479	681
479	706
479	799
479	939
480	544
480	608
480	660
480	894
481	849
482	561
482	779
482	834
482	915
482	916
482	920
482	965
482	990
483	491
483	538
483	542
483	587
483	637
483	691
483	776
483	945
484	719
484	722
484	896
485	747
485	884
485	945
485	981
486	574
486	622
486	626
486	660
486	702
486	777
486	789
486	854
486	864
486	872
486	911
487	745
487	863
487	914
487	959
487	986
488	508
488	538
488	606
488	719
489	626
489	674
489	718
490	530
490	835
490	845
490	856
490	862
491	593
491	619
491	631
491	691
491	698
491	861
491	891
491	999
492	597
492	653
492	717
492	733
492	986
494	558
494	630
494	732
494	832
494	886
494	948
494	988
495	802
495	943
495	944
496	641
496	686
496	827
496	877
496	998
497	562
497	566
497	656
497	677
497	736
497	777
497	787
497	873
497	904
498	621
498	888
498	940
499	548
499	553
499	581
499	584
499	754
500	766
500	855
501	580
501	783
501	789
501	958
502	507
502	539
502	627
502	677
502	750
502	788
502	789
503	553
503	580
503	617
503	662
503	671
503	906
503	953
504	544
504	734
504	803
504	821
505	578
505	641
505	868
506	576
506	670
506	686
506	691
506	994
507	512
507	560
507	750
507	841
507	901
507	964
508	546
508	946
508	959
509	522
509	565
509	575
509	588
509	594
509	627
510	624
510	626
510	690
510	716
510	755
510	776
510	951
511	527
511	566
511	618
511	627
511	801
511	811
511	878
511	900
511	999
512	567
512	795
512	833
512	919
512	931
513	691
513	856
514	594
514	848
514	864
514	957
515	610
515	649
515	695
515	703
515	776
515	809
515	847
516	594
516	627
516	731
516	882
516	996
517	544
517	555
517	786
517	854
517	933
517	957
518	545
518	586
518	717
518	784
518	793
519	634
519	665
519	951
520	586
520	640
520	698
520	776
521	792
521	804
521	887
521	901
521	958
522	597
522	609
522	634
522	767
523	931
524	712
524	775
524	792
524	856
524	906
524	971
524	987
525	580
525	591
525	747
525	782
525	796
525	812
525	949
525	965
526	596
526	599
526	658
526	791
526	793
526	799
527	732
527	826
527	991
527	994
528	535
528	991
529	545
529	552
529	565
529	573
529	607
529	762
529	781
529	837
529	851
529	929
530	558
530	676
530	961
531	605
531	724
531	731
531	759
531	785
531	881
531	977
532	627
532	729
532	734
532	761
532	782
532	826
532	832
532	935
533	754
533	831
533	957
534	702
534	735
534	770
534	840
534	934
535	798
535	873
535	902
536	575
536	634
536	915
536	966
537	640
537	776
537	808
538	723
538	729
538	758
538	819
538	859
539	607
539	677
539	779
539	788
540	641
540	864
540	950
540	973
541	662
541	684
541	781
541	819
542	558
542	605
542	694
542	712
542	779
543	613
543	635
543	759
543	794
543	989
544	906
545	678
545	690
545	707
545	722
545	938
546	576
546	594
546	616
546	628
546	775
546	886
546	895
547	715
547	730
547	845
547	881
547	898
547	932
548	587
548	836
548	842
548	948
548	985
549	578
549	663
549	736
549	784
549	801
549	811
549	884
550	579
550	590
550	603
550	713
550	782
550	868
550	873
551	624
551	658
551	831
551	846
551	868
551	963
551	968
552	614
552	667
552	811
552	833
552	916
552	928
553	643
553	659
553	664
553	684
553	928
553	942
554	556
554	624
554	837
554	992
555	598
555	627
555	686
555	818
556	609
556	716
556	744
556	746
556	772
556	821
556	845
557	795
557	912
558	591
558	600
558	952
558	981
559	614
559	673
559	696
559	766
560	588
560	601
560	736
560	880
560	996
561	591
561	976
562	593
562	612
562	729
562	745
562	747
562	831
562	872
563	599
563	614
563	755
563	825
563	946
563	955
564	807
565	629
565	918
565	976
565	990
565	994
566	570
566	654
566	772
566	865
566	918
567	682
567	784
567	787
567	824
567	883
567	897
567	920
568	712
568	830
568	996
569	739
569	879
569	945
569	967
570	600
570	792
570	810
570	846
571	600
571	642
571	746
571	794
571	819
571	945
572	731
572	744
572	829
572	915
572	993
573	634
573	643
573	651
573	759
573	787
573	806
573	923
574	742
574	856
574	883
575	626
575	755
575	816
576	622
576	706
576	738
576	833
576	941
577	718
577	936
577	977
578	739
578	789
579	587
579	719
579	911
579	989
580	593
580	814
580	905
580	989
580	990
581	688
581	987
582	612
582	697
582	869
582	938
583	724
583	740
583	746
583	750
583	868
583	901
583	948
584	746
584	793
584	889
584	929
584	931
584	939
584	944
585	601
585	743
585	960
586	617
586	975
587	773
587	992
588	730
588	777
588	836
589	673
589	683
589	697
589	885
589	899
589	955
589	969
589	990
590	591
590	735
590	736
590	920
590	939
590	992
590	999
591	638
591	674
591	686
591	782
592	763
592	772
592	880
592	893
592	952
593	647
593	720
593	752
593	865
593	980
593	997
594	697
594	893
595	754
595	862
596	666
596	717
597	699
597	965
598	661
598	859
598	872
599	650
599	685
599	704
599	726
599	787
599	859
599	860
599	907
599	917
599	933
599	949
600	652
600	687
600	824
600	841
600	922
600	931
600	933
600	965
600	978
600	994
601	649
601	742
601	798
601	927
602	688
603	827
603	924
604	707
604	841
604	902
604	907
605	830
606	637
606	686
606	687
606	706
606	820
606	834
606	866
607	614
607	616
608	839
608	926
609	644
609	720
609	745
610	670
610	699
610	786
610	843
610	936
610	940
610	984
611	621
611	646
611	901
612	652
612	837
612	877
612	886
612	987
613	670
613	678
613	701
613	789
613	846
613	935
614	660
614	668
614	765
614	796
614	842
614	854
614	963
614	967
615	794
615	876
615	901
615	948
615	987
616	818
616	918
616	934
617	649
617	723
617	728
617	797
618	819
618	890
618	904
619	620
619	642
619	803
619	852
620	750
620	882
621	922
621	946
622	722
622	737
622	753
622	831
622	985
623	771
623	851
623	887
624	916
625	747
625	751
625	780
625	941
625	970
626	649
626	836
626	959
627	683
627	723
627	731
627	787
627	917
628	831
628	927
628	984
629	742
629	816
629	851
629	869
629	908
630	640
630	653
630	682
630	701
630	760
630	916
631	692
631	721
631	952
631	987
631	996
632	676
632	823
632	837
632	948
633	742
633	788
633	999
634	730
634	797
635	856
636	648
636	706
636	725
636	872
636	874
636	887
636	907
637	754
637	773
637	813
637	924
637	942
638	718
638	774
638	907
639	643
639	978
640	707
640	708
640	758
640	785
640	902
640	922
640	932
640	983
641	688
641	849
641	882
641	901
641	952
641	957
642	714
642	783
642	876
642	956
643	755
643	792
643	808
643	890
643	936
643	971
644	686
644	709
644	750
644	757
644	883
644	898
644	921
645	902
645	955
645	996
646	969
647	681
647	785
647	873
647	875
648	781
648	793
648	807
648	943
648	965
649	794
649	923
650	764
651	761
651	859
651	920
652	928
653	654
653	731
653	857
653	872
654	874
654	939
655	956
656	878
657	747
657	801
657	913
657	999
658	799
658	942
659	714
659	727
659	868
659	878
660	958
661	780
661	824
661	917
662	893
662	898
662	943
663	945
663	998
664	782
664	910
665	797
665	979
666	701
666	736
666	748
666	851
666	912
666	968
667	737
667	937
667	964
667	965
668	927
669	752
669	889
669	938
669	992
670	700
670	898
670	900
671	923
672	862
672	903
672	952
672	954
672	981
673	718
673	990
674	864
674	891
674	894
675	681
675	859
675	901
676	921
677	713
678	739
679	687
679	828
679	835
679	871
679	907
679	947
679	965
680	767
680	862
680	928
680	952
681	840
682	750
682	794
683	750
683	770
683	787
683	815
683	903
683	976
683	981
684	757
684	947
684	988
685	767
685	851
687	695
687	705
687	726
687	738
687	741
688	912
689	785
689	819
689	966
690	765
690	870
691	700
691	745
691	853
691	895
691	906
692	740
692	758
692	843
692	950
693	751
693	755
693	844
693	891
693	923
693	989
694	789
694	869
694	898
694	931
694	956
695	888
695	897
695	928
695	994
696	744
697	705
697	834
697	973
698	717
698	916
699	991
700	707
700	851
700	867
701	839
701	903
701	939
702	895
702	977
703	730
703	783
703	900
703	941
703	987
704	783
704	815
704	864
704	893
704	980
705	736
705	818
705	949
706	758
706	905
707	766
707	858
708	880
708	956
708	998
709	739
709	851
709	867
709	903
709	953
710	766
710	807
710	835
712	899
713	748
713	899
714	812
714	866
715	838
717	858
717	958
718	804
719	802
719	833
719	924
719	930
720	724
720	779
720	847
720	958
721	824
722	738
722	757
722	813
722	822
722	891
722	904
722	974
723	853
723	911
723	926
723	936
723	956
723	957
724	731
724	919
724	936
725	927
726	774
726	933
726	943
727	891
728	865
728	907
729	771
729	980
730	798
730	829
730	871
730	896
730	934
731	860
731	889
731	902
731	978
732	836
732	908
733	756
733	775
733	968
734	826
734	873
735	964
736	806
736	856
737	766
737	848
737	951
737	985
738	831
738	851
738	946
739	904
740	798
741	899
742	763
742	859
742	922
743	923
743	986
744	796
744	813
744	854
744	948
746	792
746	952
747	763
747	836
747	840
747	862
747	917
747	921
748	972
749	812
751	902
751	934
751	935
751	955
752	812
752	830
752	831
752	869
752	956
752	985
753	822
753	840
753	859
753	880
754	786
754	964
754	969
754	998
755	784
755	953
756	873
757	833
757	971
758	777
759	786
761	939
761	963
762	925
763	768
763	782
763	841
763	851
763	953
764	769
764	825
764	982
766	838
766	892
766	949
767	822
767	846
767	966
768	879
768	891
768	911
769	821
769	842
770	863
770	938
770	972
770	974
771	937
773	810
773	864
773	991
773	995
774	830
774	831
774	870
774	952
775	795
775	852
776	895
776	978
776	979
778	844
779	800
779	935
779	960
779	963
779	994
780	792
780	928
780	955
780	966
781	793
781	858
781	881
782	810
782	867
783	790
783	809
783	894
783	895
783	970
784	903
784	948
785	875
785	947
785	971
786	885
786	893
786	991
787	827
787	861
788	846
789	958
789	996
790	800
790	877
790	910
790	964
791	889
792	833
792	856
792	902
792	921
794	844
794	903
794	923
794	951
794	961
795	824
795	900
795	914
795	917
797	812
798	825
798	927
800	914
801	909
801	917
801	944
801	987
802	886
803	878
803	994
804	821
806	817
806	861
806	883
806	907
806	963
807	990
808	835
808	871
808	909
809	892
809	936
809	984
810	913
810	967
811	831
811	866
811	928
812	885
812	927
812	989
813	838
813	913
814	956
815	857
815	901
815	915
815	929
816	857
816	912
816	924
817	856
818	954
818	974
819	964
820	836
821	901
822	854
823	848
823	915
823	954
823	988
824	953
824	995
825	876
826	870
826	943
827	953
828	872
828	987
829	861
829	868
830	894
831	950
831	993
832	926
832	935
833	973
835	855
835	865
835	876
835	902
836	852
836	885
837	850
838	993
839	875
839	884
840	880
840	932
840	965
841	844
841	928
841	976
842	884
842	974
843	866
843	875
843	972
844	857
844	913
846	966
847	849
848	898
848	929
850	865
852	859
852	897
852	924
853	988
854	900
854	973
856	975
857	966
858	896
858	941
859	879
859	896
859	998
860	951
861	874
861	923
862	920
862	943
864	985
865	867
866	934
867	889
867	927
868	887
868	922
868	963
868	996
869	906
870	908
871	951
873	940
874	999
877	928
877	967
877	994
878	882
879	902
879	942
879	998
880	933
880	964
880	990
881	905
887	976
888	993
891	977
892	908
892	946
892	965
897	898
897	992
898	938
898	952
899	919
899	924
899	963
900	909
901	965
902	936
902	937
903	977
904	934
905	906
905	965
906	939
907	967
907	999
909	934
909	957
910	929
911	954
911	964
914	921
914	988
915	933
916	936
922	975
922	984
922	985
924	981
924	997
925	971
926	990
928	929
928	957
929	985
930	958
931	950
932	995
935	967
937	946
938	966
938	968
939	985
940	943
940	963
940	992
941	983
942	947
943	966
944	956
945	947
946	976
946	997
947	952
947	978
947	995
948	954
955	981
957	979
960	976
963	976
964	968
967	989
968	987
973	992
977	998
